-0.6988276483537138
-0.6911517702090835
-0.6905680869666552
-0.6341685504656736
-0.6573283089461622
-0.6988276483537138
-0.6988276483537138
-0.6314594702425648
-0.6988276483537138
-0.6911517702090835
-0.6400021529591994
-0.6216894823033701
-0.6400021529591994
-0.6550948280079658
-0.6216894823033701
-0.6550948280079658
-0.6400021529591994
-0.6467548890002948
-0.6157770227688901
-0.6573346766505473
-0.6573283089461622
-0.6550948280079658
-0.6573346766505473
-0.6113139951855193
-0.6113139951855193
-0.6113139951855193
-0.6550948280079658
-0.6400021529591994
-0.6400021529591994
-0.6384238641584339
-0.6905680869666552
-0.6467548890002948
-0.6988276483537138
-0.6988276483537138
-0.6550948280079658
-0.6384238641584339
-0.6189993046984291
-0.6467548890002948
-0.6573346766505473
-0.6573346766505473
-0.6357334928552041
-0.6905680869666552
-0.6550948280079658
-0.6216894823033701
-0.6641522597727127
-0.671350962943023
-0.6550948280079658
-0.6400021529591994
-0.6467548890002948
-0.6896342610884233
-0.6400021529591994
-0.6550948280079658
-0.602169298249283
-0.6341685504656736
-0.6520667108099062
-0.6341685504656736
-0.6573283089461622
-0.6216894823033701
-0.6189993046984291
-0.6988276483537138
-0.6988276483537138
-0.6911517702090835
-0.6201559957060402
-0.5972048403702019
-0.6216894823033701
-0.5997963730437648
-0.6550948280079658
-0.5972048403702019
-0.6384238641584339
-0.6400021529591994
-0.5978140037709728
-0.6400021529591994
-0.6400021529591994
-0.6550948280079658
-0.6400021529591994
-0.6314594702425648
-0.6400021529591994
-0.6234379564779611
-0.6400021529591994
-0.6384238641584339
-0.617876243367114
-0.6068539456617049
-0.6550948280079658
-0.6384238641584339
-0.6573283089461622
-0.6341685504656736
-0.6137505362570633
-0.6092461038862875
-0.6946826933270518
-0.6988276483537138
-0.6988276483537138
-0.6357334928552041
-0.6988276483537138
-0.6216894823033701
-0.6988276483537138
-0.6400021529591994
-0.6520667108099062
-0.6577365228688726
-0.6189993046984291
-0.6189993046984291
-0.6485405556032167
-0.6400021529591994
-0.6357334928552041
-0.6400021529591994
-0.6189993046984291
-0.6400021529591994
-0.6550948280079658
-0.6400021529591994
-0.6341685504656736
-0.6550948280079658
-0.6400021529591994
-0.6357334928552041
-0.6384238641584339
-0.660276498825101
-0.6550948280079658
-0.6485405556032167
-0.6485405556032167
-0.6142257658604191
-0.6400021529591994
-0.6357334928552041
-0.6384238641584339
-0.6314594702425648
-0.6234379564779611
-0.6400021529591994
-0.5912511405768219
-0.6400021529591994
-0.6550948280079658
-0.6400021529591994
-0.6516256806111811
-0.6516256806111811
-0.6400021529591994
-0.5924826410875784
-0.6400021529591994
-0.6573283089461622
-0.6550948280079658
-0.6400021529591994
-0.6384238641584339
-0.6189993046984291
-0.6400021529591994
-0.6314594702425648
-0.6550948280079658
-0.6467548890002948
-0.617876243367114
-0.6165028721666488
-0.6516256806111811
-0.6384238641584339
-0.6384238641584339
-0.6234379564779611
-0.6157770227688901
-0.6485405556032167
-0.6485405556032167
-0.6573283089461622
-0.6186573451381423
-0.6271819675772641
-0.6137505362570633
-0.5787950983709385
-0.5793922348027075
-0.6111864909527124
-0.6111864909527124
-0.6988276483537138
-0.6988276483537138
-0.6703680010561308
-0.6988276483537138
-0.6911517702090835
-0.6591212434599766
-0.6988276483537138
-0.6911517702090835
-0.6384238641584339
-0.6400021529591994
-0.6400021529591994
-0.6234379564779611
-0.6234379564779611
-0.6189993046984291
-0.6550948280079658
-0.6400021529591994
-0.6573283089461622
-0.6234379564779611
-0.6573283089461622
-0.6314594702425648
-0.6550948280079658
-0.6467548890002948
-0.660276498825101
-0.5997963730437648
-0.6550948280079658
-0.6400021529591994
-0.6573283089461622
-0.6400021529591994
-0.6400021529591994
-0.617876243367114
-0.6573283089461622
-0.6400021529591994
-0.660276498825101
-0.6357334928552041
-0.6400021529591994
-0.6400021529591994
-0.6400021529591994
-0.6384238641584339
-0.6314594702425648
-0.6400021529591994
-0.6384238641584339
-0.6314594702425648
-0.660276498825101
-0.6157770227688901
-0.6485405556032167
-0.6573346766505473
-0.6573283089461622
-0.5997963730437648
-0.6550948280079658
-0.6494844557454459
-0.6384238641584339
-0.6357334928552041
-0.5972048403702019
-0.5997963730437648
-0.6516256806111811
-0.6234379564779611
-0.6467548890002948
-0.6189993046984291
-0.5972048403702019
-0.6314594702425648
-0.5924826410875784
-0.6189993046984291
-0.6400021529591994
-0.6384238641584339
-0.6384238641584339
-0.6384238641584339
-0.6550948280079658
-0.6400021529591994
-0.6550948280079658
-0.6189993046984291
-0.6080029027311987
-0.6550948280079658
-0.6550948280079658
-0.6234379564779611
-0.6550948280079658
-0.617876243367114
-0.6400021529591994
-0.6384238641584339
-0.650795966816366
-0.6400021529591994
-0.6357334928552041
-0.6042543408957409
-0.660276498825101
-0.6488319115237264
-0.6384238641584339
-0.6550948280079658
-0.6550948280079658
-0.6400021529591994
-0.6400021529591994
-0.6400021529591994
-0.6550948280079658
-0.6400021529591994
-0.6550948280079658
-0.6234379564779611
-0.660276498825101
-0.6384238641584339
-0.6550948280079658
-0.6550948280079658
-0.6216894823033701
-0.5646369170223821
-0.6341685504656736
-0.6400021529591994
-0.6550948280079658
-0.6573283089461622
-0.6672567719554644
-0.6341685504656736
-0.6341685504656736
-0.660276498825101
-0.6550948280079658
-0.6550948280079658
-0.6550948280079658
-0.6400021529591994
-0.6733770182137108
-0.660276498825101
-0.6573346766505473
-0.6414762028561858
-0.6573283089461622
-0.6384238641584339
-0.660276498825101
-0.6384238641584339
-0.6640069609081832
-0.6384238641584339
-0.6400021529591994
-0.6357334928552041
-0.6314594702425648
-0.6573283089461622
-0.6485405556032167
-0.6550948280079658
-0.6593121171424781
-0.6550948280079658
-0.6550948280079658
-0.6485405556032167
-0.6550948280079658
-0.6550948280079658
-0.660276498825101
-0.6550948280079658
-0.6400021529591994
-0.6573283089461622
-0.6640069609081832
-0.6573346766505473
-0.6400021529591994
-0.6485405556032167
-0.6573346766505473
-0.6550948280079658
-0.6672567719554644
-0.6400021529591994
-0.6400021529591994
-0.6384238641584339
-0.6113139951855193
-0.6477585292705685
-0.6258859376857906
-0.6137505362570633
-0.5774733989639151
-0.6092461038862875
-0.6137505362570633
-0.6023260476970426
-0.6137505362570633
-0.6032769769360949
-0.5847413112068293
-0.6258859376857906
-0.6911517702090835
-0.6988276483537138
-0.6905680869666552
-0.6988276483537138
-0.692707977059575
-0.6988276483537138
-0.6911517702090835
-0.6988276483537138
-0.6911517702090835
-0.6988276483537138
-0.6911517702090835
-0.6801685875765404
-0.6988276483537138
-0.6801685875765404
-0.6988276483537138
-0.6905680869666552
-0.6905680869666552
-0.6896342610884233
-0.6988276483537138
-0.6216894823033701
-0.6697301115122375
-0.6988276483537138
-0.6467548890002948
-0.6739152817370989
-0.6784163621096128
-0.6749681172640296
-0.6496900324991868
-0.6911517702090835
-0.692707977059575
-0.6911517702090835
-0.6946826933270518
-0.6946826933270518
-0.6988276483537138
-0.6896342610884233
-0.6421805023251264
-0.6400021529591994
-0.6400021529591994
-0.5972048403702019
-0.6157770227688901
-0.6640069609081832
-0.6384238641584339
-0.6573283089461622
-0.6770850819138047
-0.6536619616938486
-0.6400021529591994
-0.6784163621096128
-0.6573283089461622
-0.6573283089461622
-0.6189993046984291
-0.6080029027311987
-0.6384238641584339
-0.6593121171424781
-0.6656643308530789
-0.6269616509909155
-0.6573283089461622
-0.6550948280079658
-0.5972048403702019
-0.6157770227688901
-0.5997963730437648
-0.6314594702425648
-0.6550948280079658
-0.6550948280079658
-0.6157770227688901
-0.6314594702425648
-0.6080029027311987
-0.5972048403702019
-0.6189993046984291
-0.6384238641584339
-0.6314594702425648
-0.5978140037709728
-0.6314594702425648
-0.6550948280079658
-0.6573283089461622
-0.6234379564779611
-0.6509017732690333
-0.6255193514233346
-0.6640069609081832
-0.6341685504656736
-0.6573283089461622
-0.6550948280079658
-0.6573346766505473
-0.6216894823033701
-0.671350962943023
-0.650795966816366
-0.6550948280079658
-0.6573283089461622
-0.5972048403702019
-0.6516256806111811
-0.6672567719554644
-0.6550948280079658
-0.6550948280079658
-0.6341685504656736
-0.5972048403702019
-0.6640069609081832
-0.6341685504656736
-0.6157770227688901
-0.6092461038862875
-0.6494844557454459
-0.5972048403702019
-0.6157770227688901
-0.6641522597727127
-0.6314594702425648
-0.6400021529591994
-0.6314594702425648
-0.6400021529591994
-0.6384238641584339
-0.591637058319239
-0.6150924687002898
-0.6341685504656736
-0.6357334928552041
-0.6577365228688726
-0.6157770227688901
-0.6314594702425648
-0.6216894823033701
-0.6068539456617049
-0.6739152817370989
-0.6216894823033701
-0.6776640691481373
-0.6080029027311987
-0.650795966816366
-0.6550948280079658
-0.6550948280079658
-0.5972048403702019
-0.5810471513387971
-0.6400021529591994
-0.6550948280079658
-0.6550948280079658
-0.6573346766505473
-0.6573283089461622
-0.6400021529591994
-0.6672567719554644
-0.6255193514233346
-0.6817159106072436
-0.6400021529591994
-0.6400021529591994
-0.6400021529591994
-0.7113622135466898
-0.6400021529591994
-0.6314594702425648
-0.6400021529591994
-0.6640069609081832
-0.6216894823033701
-0.6400021529591994
-0.6359969301620085
-0.6550948280079658
-0.6776640691481373
-0.6550948280079658
-0.660276498825101
-0.69203050288881
-0.6080029027311987
-0.6314594702425648
-0.5594569799350966
-0.6384238641584339
-0.6573346766505473
-0.6189993046984291
-0.6573346766505473
-0.6485405556032167
-0.6400021529591994
-0.6384238641584339
-0.6400021529591994
-0.6400021529591994
-0.6400021529591994
-0.6400021529591994
-0.6400021529591994
-0.660276498825101
-0.6400021529591994
-0.6080029027311987
-0.6770850819138047
-0.5809425398497059
-0.6573283089461622
-0.6400021529591994
-0.6550948280079658
-0.6400021529591994
-0.6550948280079658
-0.6550948280079658
-0.617876243367114
-0.6400021529591994
-0.6550948280079658
-0.6593121171424781
-0.6384238641584339
-0.6516256806111811
-0.6550948280079658
-0.6550948280079658
-0.6550948280079658
-0.6573283089461622
-0.6211313308837559
-0.6197612244842089
-0.6516256806111811
-0.6384238641584339
-0.6400021529591994
-0.5972048403702019
-0.6384238641584339
-0.6432044979609384
-0.6680526249936363
-0.6189993046984291
-0.625910744927709
-0.660276498825101
-0.6719408523953335
-0.6640069609081832
-0.5997963730437648
-0.6080029027311987
-0.6573283089461622
-0.6573283089461622
-0.6573283089461622
-0.6384238641584339
-0.6516256806111811
-0.6400021529591994
-0.6400021529591994
-0.6912452634203714
-0.6216894823033701
-0.6749681172640296
-0.636256062339084
-0.6032769769360949
-0.6036904681372511
-0.6491154391939772
-0.5793922348027075
-0.5930642970110519
-0.6092461038862875
-0.6258859376857906
-0.5615138183912824
-0.6258859376857906
-0.5793922348027075
-0.6075132423083011
-0.5163466740813693
-0.6023260476970426
-0.6075132423083011
-0.6186573451381423
-0.6760877926770147
-0.6911517702090835
-0.692707977059575
-0.6896342610884233
-0.6946826933270518
-0.6988276483537138
-0.6911517702090835
-0.6988276483537138
-0.6988276483537138
-0.6911517702090835
-0.6988276483537138
-0.6416870457042978
-0.6988276483537138
-0.6911517702090835
-0.6911517702090835
-0.6911517702090835
-0.6911517702090835
-0.6911517702090835
-0.6911517702090835
-0.6911517702090835
-0.6988276483537138
-0.6911517702090835
-0.6911517702090835
-0.6988276483537138
-0.6911517702090835
-0.6911517702090835
-0.6252797905364659
-0.6025814242652174
-0.6911517702090835
-0.6911517702090835
-0.6988276483537138
-0.6911517702090835
-0.6911517702090835
-0.6988276483537138
-0.6988276483537138
-0.6416870457042978
-0.6905680869666552
-0.6667169843472085
-0.692707977059575
-0.6287148964146752
-0.6988276483537138
-0.6410012708001436
-0.6911517702090835
-0.6911517702090835
-0.6801685875765404
-0.6905680869666552
-0.6911517702090835
-0.6911517702090835
-0.6911517702090835
-0.6911517702090835
-0.6911517702090835
-0.6988276483537138
-0.6173959390621441
-0.6400021529591994
-0.6806400346737986
-0.6573283089461622
-0.671350962943023
-0.588783816970594
-0.6550948280079658
-0.6573283089461622
-0.6234379564779611
-0.6488319115237264
-0.6400021529591994
-0.617876243367114
-0.6573283089461622
-0.6341685504656736
-0.6157770227688901
-0.5972048403702019
-0.6494844557454459
-0.6400021529591994
-0.6400021529591994
-0.6384238641584339
-0.6357334928552041
-0.6234379564779611
-0.6439402765037667
-0.6384238641584339
-0.6516256806111811
-0.6400021529591994
-0.6384238641584339
-0.6573283089461622
-0.6640069609081832
-0.6384238641584339
-0.6550948280079658
-0.6189993046984291
-0.6400021529591994
-0.6573283089461622
-0.6314594702425648
-0.6550948280079658
-0.6573283089461622
-0.6550948280079658
-0.6573283089461622
-0.6400021529591994
-0.6550948280079658
-0.6216894823033701
-0.660276498825101
-0.5218181322291728
-0.6008319944244735
-0.6384238641584339
-0.6400021529591994
-0.6573346766505473
-0.6384238641584339
-0.6573346766505473
-0.6359969301620085
-0.6400021529591994
-0.6550948280079658
-0.6573346766505473
-0.5997963730437648
-0.6550948280079658
-0.6400021529591994
-0.6170176883483285
-0.6573283089461622
-0.6573283089461622
-0.660276498825101
-0.6400021529591994
-0.6573346766505473
-0.6573346766505473
-0.6384238641584339
-0.6593121171424781
-0.6516256806111811
-0.6384238641584339
-0.6573283089461622
-0.6573283089461622
-0.6573283089461622
-0.6550948280079658
-0.6357334928552041
-0.6400021529591994
-0.6384238641584339
-0.6516256806111811
-0.6573283089461622
-0.6550948280079658
-0.6384238641584339
-0.660276498825101
-0.660276498825101
-0.6672567719554644
-0.5972048403702019
-0.6640069609081832
-0.6550948280079658
-0.6314594702425648
-0.6400021529591994
-0.6384238641584339
-0.6550948280079658
-0.6400021529591994
-0.6733770182137108
-0.6831150035951933
-0.6400021529591994
-0.6550948280079658
-0.6384238641584339
-0.6384238641584339
-0.6384238641584339
-0.6359969301620085
-0.6550948280079658
-0.6485405556032167
-0.6573346766505473
-0.6384238641584339
-0.660276498825101
-0.6739152817370989
-0.574131198464455
-0.6357334928552041
-0.6400021529591994
-0.6400021529591994
-0.6189993046984291
-0.6357334928552041
-0.6672567719554644
-0.6573283089461622
-0.6400021529591994
-0.6314594702425648
-0.6135890655336259
-0.6400021529591994
-0.6384238641584339
-0.6550948280079658
-0.660276498825101
-0.6400021529591994
-0.6672567719554644
-0.6573283089461622
-0.6400021529591994
-0.6384238641584339
-0.6314594702425648
-0.6314594702425648
-0.6758898218107117
-0.6485405556032167
-0.6550948280079658
-0.5972048403702019
-0.6400021529591994
-0.6739152817370989
-0.6255193514233346
-0.6087960523461864
-0.6739152817370989
-0.6573283089461622
-0.6400021529591994
-0.5914419157280292
-0.6536619616938486
-0.6189993046984291
-0.6573283089461622
-0.6080029027311987
-0.6400021529591994
-0.6663615471366771
-0.6080029027311987
-0.6593121171424781
-0.6573346766505473
-0.6550948280079658
-0.6400021529591994
-0.6400021529591994
-0.6400021529591994
-0.6803948986794666
-0.640762998987729
-0.6359969301620085
-0.6550948280079658
-0.6400021529591994
-0.6314594702425648
-0.6234379564779611
-0.6314594702425648
-0.6573283089461622
-0.6384238641584339
-0.6733770182137108
-0.6341685504656736
-0.6550948280079658
-0.6485405556032167
-0.6080029027311987
-0.6157770227688901
-0.6550948280079658
-0.617876243367114
-0.6400021529591994
-0.6189993046984291
-0.6357334928552041
-0.6672567719554644
-0.6573346766505473
-0.6279623587681232
-0.6400021529591994
-0.6485405556032167
-0.6359969301620085
-0.6758898218107117
-0.6672567719554644
-0.6467548890002948
-0.6550948280079658
-0.6467548890002948
-0.6573346766505473
-0.6341685504656736
-0.6452996648143687
-0.6550948280079658
-0.6395920020658227
-0.5972048403702019
-0.6400021529591994
-0.6550948280079658
-0.6400021529591994
-0.6359969301620085
-0.6314594702425648
-0.6573346766505473
-0.6400021529591994
-0.6234379564779611
-0.6400021529591994
-0.6550948280079658
-0.6550948280079658
-0.6485405556032167
-0.6733770182137108
-0.6359969301620085
-0.6485405556032167
-0.6384238641584339
-0.6550948280079658
-0.6400021529591994
-0.6216894823033701
-0.6384238641584339
-0.660276498825101
-0.6384238641584339
-0.6157770227688901
-0.6157770227688901
-0.6550948280079658
-0.6341685504656736
-0.6573346766505473
-0.6550948280079658
-0.6467548890002948
-0.6803948986794666
-0.6400021529591994
-0.6400021529591994
-0.6384238641584339
-0.6341685504656736
-0.6314594702425648
-0.6400021529591994
-0.6400021529591994
-0.6573283089461622
-0.6550948280079658
-0.6573283089461622
-0.6550948280079658
-0.6488319115237264
-0.6593121171424781
-0.5997963730437648
-0.6400021529591994
-0.6357334928552041
-0.6216894823033701
-0.591637058319239
-0.6113139951855193
-0.6384238641584339
-0.6080029027311987
-0.6189993046984291
-0.6216894823033701
-0.5972048403702019
-0.6831150035951933
-0.6573283089461622
-0.6400021529591994
-0.6357334928552041
-0.6400021529591994
-0.6384238641584339
-0.6550948280079658
-0.6467548890002948
-0.6550948280079658
-0.5997963730437648
-0.6550948280079658
-0.6400021529591994
-0.6485405556032167
-0.6803948986794666
-0.5900350752161151
-0.6672567719554644
-0.5972048403702019
-0.6080029027311987
-0.6400021529591994
-0.6189993046984291
-0.6400021529591994
-0.6485405556032167
-0.660276498825101
-0.6341685504656736
-0.6550948280079658
-0.6550948280079658
-0.6384238641584339
-0.6314594702425648
-0.6573346766505473
-0.617876243367114
-0.6550948280079658
-0.6400021529591994
-0.6384238641584339
-0.650795966816366
-0.6359969301620085
-0.6485405556032167
-0.660276498825101
-0.6359969301620085
-0.6573283089461622
-0.6157770227688901
-0.6400021529591994
-0.6400021529591994
-0.5997963730437648
-0.6141162402250937
-0.6080029027311987
-0.6341685504656736
-0.617876243367114
-0.6593121171424781
-0.6550948280079658
-0.6550948280079658
-0.6314594702425648
-0.6573283089461622
-0.6314594702425648
-0.660276498825101
-0.6817159106072436
-0.6314594702425648
-0.6314594702425648
-0.6550948280079658
-0.6776640691481373
-0.6157770227688901
-0.6656643308530789
-0.6080029027311987
-0.6384238641584339
-0.6550948280079658
-0.6359969301620085
-0.6550948280079658
-0.6494844557454459
-0.6550948280079658
-0.6400021529591994
-0.6384238641584339
-0.5997963730437648
-0.6573283089461622
-0.660276498825101
-0.6635148392071325
-0.5972048403702019
-0.6467548890002948
-0.6467548890002948
-0.6157770227688901
-0.6189993046984291
-0.6573283089461622
-0.6550948280079658
-0.660276498825101
-0.6080029027311987
-0.6672567719554644
-0.6672567719554644
-0.6400021529591994
-0.6400021529591994
-0.6550948280079658
-0.5912407858074381
-0.6359969301620085
-0.671350962943023
-0.6395920020658227
-0.6400021529591994
-0.671350962943023
-0.6008319944244735
-0.6400021529591994
-0.6550948280079658
-0.6550948280079658
-0.6550948280079658
-0.6314594702425648
-0.6341685504656736
-0.6640069609081832
-0.6384238641584339
-0.650795966816366
-0.6550948280079658
-0.6384238641584339
-0.6400021529591994
-0.660276498825101
-0.6573283089461622
-0.650795966816366
-0.6384238641584339
-0.6582236348221812
-0.6384238641584339
-0.6550948280079658
-0.6400021529591994
-0.6341685504656736
-0.5840719358503845
-0.6341685504656736
-0.6573283089461622
-0.6400021529591994
-0.6656643308530789
-0.6384238641584339
-0.6384238641584339
-0.6357334928552041
-0.6733770182137108
-0.6384238641584339
-0.6550948280079658
-0.6400021529591994
-0.660276498825101
-0.6400021529591994
-0.6770850819138047
-0.6573283089461622
-0.6189993046984291
-0.6359969301620085
-0.6485405556032167
-0.6252797905364659
-0.6817159106072436
-0.6550948280079658
-0.6400021529591994
-0.6384238641584339
-0.6550948280079658
-0.6485405556032167
-0.6650103655759552
-0.6189993046984291
-0.6550948280079658
-0.6891012305642902
-0.6384238641584339
-0.6573283089461622
-0.6573283089461622
-0.660276498825101
-0.6384238641584339
-0.6550948280079658
-0.6550948280079658
-0.6314594702425648
-0.6400021529591994
-0.6359969301620085
-0.6550948280079658
-0.6189993046984291
-0.650795966816366
-0.6234379564779611
-0.6550948280079658
-0.5997963730437648
-0.6550948280079658
-0.6189993046984291
-0.6672567719554644
-0.6384238641584339
-0.6384238641584339
-0.6516256806111811
-0.6314594702425648
-0.6359969301620085
-0.6395920020658227
-0.6384238641584339
-0.6400021529591994
-0.6488319115237264
-0.6607267675343949
-0.6400021529591994
-0.6314594702425648
-0.6550948280079658
-0.6189993046984291
-0.6080029027311987
-0.6234379564779611
-0.6357334928552041
-0.6400021529591994
-0.6520667108099062
-0.6550948280079658
-0.6234379564779611
-0.6216894823033701
-0.6384238641584339
-0.6400021529591994
-0.6189993046984291
-0.6550948280079658
-0.6400021529591994
-0.6573346766505473
-0.6341685504656736
-0.6550948280079658
-0.6550948280079658
-0.6314594702425648
-0.6550948280079658
-0.6384238641584339
-0.660276498825101
-0.6920608896172601
-0.6593121171424781
-0.6485405556032167
-0.6485405556032167
-0.6485405556032167
-0.6341685504656736
-0.6157770227688901
-0.6573346766505473
-0.6341685504656736
-0.6359969301620085
-0.6314594702425648
-0.6573283089461622
-0.6189993046984291
-0.5997963730437648
-0.6573283089461622
-0.5789844304173514
-0.6739152817370989
-0.6400021529591994
-0.5972048403702019
-0.5638257368528861
-0.5978140037709728
-0.6314594702425648
-0.6550948280079658
-0.6384238641584339
-0.6341685504656736
-0.6216894823033701
-0.660276498825101
-0.6216894823033701
-0.6400021529591994
-0.6656643308530789
-0.6384238641584339
-0.6400021529591994
-0.6080029027311987
-0.6400021529591994
-0.5900350752161151
-0.6550948280079658
-0.6550948280079658
-0.6384238641584339
-0.6758898218107117
-0.6536619616938486
-0.6728033230729089
-0.5417800322285352
-0.5789844304173514
-0.6258859376857906
-0.6166952603492983
-0.6860782000459346
-0.6287689061930388
-0.6137505362570633
-0.6379532804132505
-0.6477585292705685
-0.596807739690863
-0.5843281619171637
-0.5847413112068293
-0.5789844304173514
-0.6111864909527124
-0.6232815843209112
-0.6023260476970426
-0.5793922348027075
-0.6186573451381423
-0.6477585292705685
-0.6137505362570633
-0.5457116969682624
-0.5889212248079442
-0.5869005887388485
-0.6075132423083011
-0.6111864909527124
-0.6137505362570633
-0.6167519872522843
-0.6477585292705685
-0.48668708992865534
-0.5793922348027075
-0.6571487699412321
-0.6137505362570633
-0.6137505362570633
-0.6905680869666552
-0.6911517702090835
-0.6988276483537138
-0.6988276483537138
-0.6988276483537138
-0.6988276483537138
-0.6911517702090835
-0.6988276483537138
-0.6911517702090835
-0.6905680869666552
-0.6467548890002948
-0.6911517702090835
-0.661144703613794
-0.5972048403702019
-0.6988276483537138
-0.6988276483537138
-0.6911517702090835
-0.6988276483537138
-0.6911517702090835
-0.6357334928552041
-0.6988276483537138
-0.6911517702090835
-0.6988276483537138
-0.6946826933270518
-0.6801685875765404
-0.6988276483537138
-0.6988276483537138
-0.6946826933270518
-0.6988276483537138
-0.5972048403702019
-0.6988276483537138
-0.6988276483537138
-0.6905680869666552
-0.6801685875765404
-0.6988276483537138
-0.6068539456617049
-0.6988276483537138
-0.6988276483537138
-0.6988276483537138
-0.6896342610884233
-0.692707977059575
-0.6988276483537138
-0.6911517702090835
-0.692707977059575
-0.6911517702090835
-0.6988276483537138
-0.6911517702090835
-0.6911517702090835
-0.6988276483537138
-0.6988276483537138
-0.6911517702090835
-0.6494844557454459
-0.6988276483537138
-0.6988276483537138
-0.6911517702090835
-0.6068539456617049
-0.6165028721666488
-0.6536619616938486
-0.6357334928552041
-0.5900350752161151
-0.5634456414967693
-0.6801685875765404
-0.6911517702090835
-0.6988276483537138
-0.6911517702090835
-0.6703680010561308
-0.6988276483537138
-0.6911517702090835
-0.6905680869666552
-0.6988276483537138
-0.6675453472155914
-0.6801685875765404
-0.6946826933270518
-0.6382288283050577
-0.6988276483537138
-0.6758898218107117
-0.6905680869666552
-0.6770850819138047
-0.6639038632270874
-0.6216894823033701
-0.6216894823033701
-0.6720823326069972
-0.6988276483537138
-0.6680526249936363
-0.6707764086863243
-0.6703680010561308
-0.6911517702090835
-0.6758631866785458
-0.6728033230729089
-0.674888966803495
-0.6946826933270518
-0.6886184460677651
-0.6801685875765404
-0.6911517702090835
-0.6896342610884233
-0.6911517702090835
-0.6988276483537138
-0.6988276483537138
-0.6988276483537138
-0.6988276483537138
-0.6905680869666552
-0.6988276483537138
-0.6988276483537138
-0.6911517702090835
-0.6988276483537138
-0.6988276483537138
-0.6988276483537138
-0.6988276483537138
-0.6988276483537138
-0.6911517702090835
-0.6911517702090835
-0.6911517702090835
-0.6886184460677651
-0.6896342610884233
-0.6988276483537138
-0.6911517702090835
-0.6467548890002948
-0.588783816970594
-0.6314594702425648
-0.6467548890002948
-0.6593121171424781
-0.6733770182137108
-0.6485405556032167
-0.5972048403702019
-0.6080029027311987
-0.6410012708001436
-0.6573283089461622
-0.6400021529591994
-0.6703680010561308
-0.6550948280079658
-0.6467548890002948
-0.6269616509909155
-0.6359969301620085
-0.6359969301620085
-0.6573283089461622
-0.6573346766505473
-0.6314594702425648
-0.6550948280079658
-0.6550948280079658
-0.6803948986794666
-0.6550948280079658
-0.6516256806111811
-0.6573346766505473
-0.6314594702425648
-0.6357334928552041
-0.650795966816366
-0.607703911468329
-0.6573346766505473
-0.5914419157280292
-0.6113139951855193
-0.6135890655336259
-0.6537438919318664
-0.6314594702425648
-0.6494844557454459
-0.6573346766505473
-0.6573283089461622
-0.6080029027311987
-0.6400021529591994
-0.6550948280079658
-0.6189993046984291
-0.6400021529591994
-0.5972048403702019
-0.6550948280079658
-0.6640069609081832
-0.6672567719554644
-0.6080029027311987
-0.6400021529591994
-0.6509017732690333
-0.6400021529591994
-0.6733770182137108
-0.6287148964146752
-0.6573346766505473
-0.6573346766505473
-0.6400021529591994
-0.5826910123398886
-0.6400021529591994
-0.6357334928552041
-0.6573283089461622
-0.6573283089461622
-0.6573283089461622
-0.6573283089461622
-0.6400021529591994
-0.660276498825101
-0.6516256806111811
-0.6357334928552041
-0.6314594702425648
-0.6314594702425648
-0.6703680010561308
-0.6452996648143687
-0.6157770227688901
-0.6400021529591994
-0.6314594702425648
-0.6550948280079658
-0.6314594702425648
-0.6357334928552041
-0.6672567719554644
-0.6189993046984291
-0.6314594702425648
-0.6189993046984291
-0.6803948986794666
-0.6384238641584339
-0.6550948280079658
-0.6189993046984291
-0.6573346766505473
-0.6400021529591994
-0.6080029027311987
-0.6536169894575452
-0.6485405556032167
-0.6804018818634183
-0.6550948280079658
-0.6080029027311987
-0.6770850819138047
-0.6359969301620085
-0.6011082245276087
-0.6550948280079658
-0.6467548890002948
-0.5997963730437648
-0.6467548890002948
-0.6080029027311987
-0.6080029027311987
-0.6550948280079658
-0.6314594702425648
-0.6550948280079658
-0.6640069609081832
-0.6359969301620085
-0.6314594702425648
-0.6803948986794666
-0.6314594702425648
-0.5962490065014686
-0.6275484009069442
-0.6384238641584339
-0.6961902011586731
-0.6234379564779611
-0.6080029027311987
-0.6189993046984291
-0.6555762756542151
-0.6672567719554644
-0.6080029027311987
-0.6573283089461622
-0.6550948280079658
-0.6314594702425648
-0.6384238641584339
-0.6550948280079658
-0.6384238641584339
-0.6758898218107117
-0.6400021529591994
-0.6357334928552041
-0.6400021529591994
-0.6550948280079658
-0.6189993046984291
-0.6400021529591994
-0.5972048403702019
-0.6400021529591994
-0.6475366858289208
-0.6470134397167568
-0.660276498825101
-0.6550948280079658
-0.6314594702425648
-0.660276498825101
-0.6384238641584339
-0.6234379564779611
-0.6341685504656736
-0.6157770227688901
-0.6410012708001436
-0.668217960606099
-0.6216894823033701
-0.6157770227688901
-0.6467548890002948
-0.6314594702425648
-0.6550948280079658
-0.6400021529591994
-0.617876243367114
-0.6550948280079658
-0.6384238641584339
-0.660276498825101
-0.6891012305642902
-0.6550948280079658
-0.6269616509909155
-0.6663615471366771
-0.6573283089461622
-0.6494844557454459
-0.6234379564779611
-0.6494844557454459
-0.660276498825101
-0.6080029027311987
-0.6357334928552041
-0.6359969301620085
-0.6400021529591994
-0.6573283089461622
-0.6384238641584339
-0.6672567719554644
-0.6314594702425648
-0.6400021529591994
-0.660276498825101
-0.6494844557454459
-0.6400021529591994
-0.6640069609081832
-0.6803948986794666
-0.6341685504656736
-0.6573346766505473
-0.6314594702425648
-0.6357334928552041
-0.6770850819138047
-0.6341685504656736
-0.660276498825101
-0.660276498825101
-0.6357334928552041
-0.6573346766505473
-0.6314594702425648
-0.6252797905364659
-0.6314594702425648
-0.6550948280079658
-0.6400021529591994
-0.6400021529591994
-0.6770850819138047
-0.650795966816366
-0.6314594702425648
-0.5972048403702019
-0.6550948280079658
-0.6672567719554644
-0.6550948280079658
-0.6573283089461622
-0.5658088243376046
-0.6384238641584339
-0.6612263578543518
-0.6494844557454459
-0.650795966816366
-0.6817159106072436
-0.6400021529591994
-0.6550948280079658
-0.671350962943023
-0.6803948986794666
-0.6384238641584339
-0.6314594702425648
-0.6314594702425648
-0.6341685504656736
-0.6384238641584339
-0.5912407858074381
-0.6509017732690333
-0.6488319115237264
-0.5842825804811691
-0.588783816970594
-0.650795966816366
-0.5972048403702019
-0.6080029027311987
-0.6694925089861854
-0.6640069609081832
-0.6573283089461622
-0.6573283089461622
-0.6359969301620085
-0.6894781668869957
-0.6384238641584339
-0.6467548890002948
-0.6400021529591994
-0.6400021529591994
-0.617876243367114
-0.6384238641584339
-0.6573346766505473
-0.6234379564779611
-0.6359969301620085
-0.6573283089461622
-0.6384238641584339
-0.5997963730437648
-0.660276498825101
-0.660276498825101
-0.6593121171424781
-0.6384238641584339
-0.6467548890002948
-0.6550948280079658
-0.6550948280079658
-0.6573283089461622
-0.6314594702425648
-0.6467548890002948
-0.6341685504656736
-0.6550948280079658
-0.6384238641584339
-0.6573283089461622
-0.6400021529591994
-0.6573346766505473
-0.6359969301620085
-0.6573283089461622
-0.6359969301620085
-0.6739152817370989
-0.6573283089461622
-0.6314594702425648
-0.6728033230729089
-0.6314594702425648
-0.6314594702425648
-0.6341685504656736
-0.6672567719554644
-0.660276498825101
-0.5715535456164652
-0.6189993046984291
-0.6703680010561308
-0.6357334928552041
-0.6400021529591994
-0.6314594702425648
-0.6359969301620085
-0.6314594702425648
-0.660276498825101
-0.6640069609081832
-0.6640069609081832
-0.6804018818634183
-0.6359969301620085
-0.6894781668869957
-0.650795966816366
-0.6776640691481373
-0.6189993046984291
-0.6314594702425648
-0.660276498825101
-0.6494844557454459
-0.6520667108099062
-0.671350962943023
-0.6550948280079658
-0.6234379564779611
-0.6550948280079658
-0.660276498825101
-0.6593121171424781
-0.6573346766505473
-0.6640069609081832
-0.6189993046984291
-0.6341685504656736
-0.5997963730437648
-0.6573346766505473
-0.6550948280079658
-0.6400021529591994
-0.5972048403702019
-0.6189993046984291
-0.6672567719554644
-0.6341685504656736
-0.6809116591514038
-0.6758898218107117
-0.6341685504656736
-0.6234379564779611
-0.6314594702425648
-0.6400021529591994
-0.6467548890002948
-0.6314594702425648
-0.6550948280079658
-0.6961902011586731
-0.6384238641584339
-0.6550948280079658
-0.6573346766505473
-0.671350962943023
-0.6341685504656736
-0.5426695593306824
-0.6640069609081832
-0.6573346766505473
-0.6376555922843624
-0.6573283089461622
-0.6189993046984291
-0.6341685504656736
-0.6163389886173257
-0.6384238641584339
-0.6467548890002948
-0.5997963730437648
-0.6550948280079658
-0.6739152817370989
-0.6314594702425648
-0.6770850819138047
-0.623151296638161
-0.6400021529591994
-0.6334257316504252
-0.6357334928552041
-0.6573283089461622
-0.6341685504656736
-0.6080029027311987
-0.660276498825101
-0.6314594702425648
-0.6770850819138047
-0.6485405556032167
-0.6166551738903178
-0.6550948280079658
-0.6359969301620085
-0.6341685504656736
-0.6157770227688901
-0.6635148392071325
-0.6494844557454459
-0.6341685504656736
-0.6189993046984291
-0.6550948280079658
-0.6314594702425648
-0.617588975811822
-0.6573283089461622
-0.617876243367114
-0.6341685504656736
-0.6593121171424781
-0.6080029027311987
-0.6494844557454459
-0.6612263578543518
-0.6467548890002948
-0.6672567719554644
-0.6216894823033701
-0.6269616509909155
-0.650795966816366
-0.6157770227688901
-0.6894781668869957
-0.5955171354545283
-0.6485405556032167
-0.660276498825101
-0.6080029027311987
-0.6804018818634183
-0.6314594702425648
-0.6314594702425648
-0.6395920020658227
-0.5972048403702019
-0.6488319115237264
-0.6803948986794666
-0.6640069609081832
-0.6573346766505473
-0.6384238641584339
-0.6341685504656736
-0.6341685504656736
-0.660276498825101
-0.6216894823033701
-0.6314594702425648
-0.6314594702425648
-0.6400021529591994
-0.6189993046984291
-0.6520667108099062
-0.6467548890002948
-0.6467548890002948
-0.6384238641584339
-0.6341685504656736
-0.6400021529591994
-0.6400021529591994
-0.6314594702425648
-0.6770850819138047
-0.6314594702425648
-0.6400021529591994
-0.7276076151694006
-0.6384238641584339
-0.660276498825101
-0.5912511405768219
-0.6357334928552041
-0.6359969301620085
-0.6384238641584339
-0.6189993046984291
-0.6384238641584339
-0.6157770227688901
-0.6550948280079658
-0.6080029027311987
-0.6550948280079658
-0.6080029027311987
-0.6550948280079658
-0.6400021529591994
-0.5900350752161151
-0.6894781668869957
-0.6157770227688901
-0.6384238641584339
-0.6359969301620085
-0.6803948986794666
-0.6357334928552041
-0.6400021529591994
-0.6573346766505473
-0.6573283089461622
-0.6467548890002948
-0.6550948280079658
-0.6341685504656736
-0.6314594702425648
-0.6467548890002948
-0.5997963730437648
-0.6400021529591994
-0.6080029027311987
-0.6680526249936363
-0.6467548890002948
-0.6269616509909155
-0.6573283089461622
-0.6550948280079658
-0.6593121171424781
-0.6593121171424781
-0.6467548890002948
-0.6485405556032167
-0.660276498825101
-0.6400021529591994
-0.6550948280079658
-0.6189993046984291
-0.5972048403702019
-0.6234379564779611
-0.6400021529591994
-0.6550948280079658
-0.6384238641584339
-0.6357334928552041
-0.6400021529591994
-0.6550948280079658
-0.6287148964146752
-0.6314594702425648
-0.6314594702425648
-0.6234379564779611
-0.6314594702425648
-0.661066506470068
-0.6641522597727127
-0.6314594702425648
-0.6593121171424781
-0.6384238641584339
-0.6550948280079658
-0.6341685504656736
-0.6467548890002948
-0.6550948280079658
-0.6550948280079658
-0.6189993046984291
-0.6593121171424781
-0.6314594702425648
-0.6341685504656736
-0.6341685504656736
-0.660276498825101
-0.6189993046984291
-0.6550948280079658
-0.6739152817370989
-0.6314594702425648
-0.6467548890002948
-0.6467548890002948
-0.660276498825101
-0.5997963730437648
-0.660276498825101
-0.660276498825101
-0.6314594702425648
-0.6135890655336259
-0.6485405556032167
-0.6341685504656736
-0.6641522597727127
-0.6216894823033701
-0.6750615293866589
-0.6662048602671459
-0.6414731536978028
-0.6111864909527124
-0.666877958324729
-0.6258859376857906
-0.6111864909527124
-0.6258859376857906
-0.5646438653428933
-0.6167519872522843
-0.5717504006216916
-0.6137505362570633
-0.5789844304173514
-0.62902909209726
-0.5847413112068293
-0.5405859562948754
-0.6378846086823075
-0.5869005887388485
-0.6166952603492983
-0.6111864909527124
-0.5793922348027075
-0.6032769769360949
-0.6032769769360949
-0.5889212248079442
-0.634692471270717
-0.6344916541298925
-0.6137505362570633
-0.5869005887388485
-0.6321792361803623
-0.6571487699412321
-0.6075132423083011
-0.6258859376857906
-0.6616154333995443
-0.6531512700235079
-0.5743355243611579
-0.6440521169203804
-0.62902909209726
-0.6011082245276087
-0.6988276483537138
-0.6911517702090835
-0.692707977059575
-0.6911517702090835
-0.6988276483537138
-0.6988276483537138
-0.6758631866785458
-0.6911517702090835
-0.6911517702090835
-0.6988276483537138
-0.6988276483537138
-0.6911517702090835
-0.6911517702090835
-0.692707977059575
-0.6011082245276087
-0.6011082245276087
-0.6946952051766856
-0.6905680869666552
-0.6946826933270518
-0.6911517702090835
-0.6988276483537138
-0.6911517702090835
-0.6739152817370989
-0.6801685875765404
-0.6988276483537138
-0.6946826933270518
-0.6946826933270518
-0.6911517702090835
-0.5972048403702019
-0.692707977059575
-0.6896342610884233
-0.6411715960263553
-0.6988276483537138
-0.6988276483537138
-0.6734106702330475
-0.6911517702090835
-0.6467548890002948
-0.6946826933270518
-0.5841426223345343
-0.6252797905364659
-0.6988276483537138
-0.6142257658604191
-0.6946826933270518
-0.6516256806111811
-0.6141162402250937
-0.6485405556032167
-0.6905680869666552
-0.6988276483537138
-0.6988276483537138
-0.6988276483537138
-0.6988276483537138
-0.6911517702090835
-0.6911517702090835
-0.5972048403702019
-0.6988276483537138
-0.6988276483537138
-0.6697301115122375
-0.5972048403702019
-0.6988276483537138
-0.6911517702090835
-0.6988276483537138
-0.6357334928552041
-0.6452996648143687
-0.6911517702090835
-0.6896342610884233
-0.6988276483537138
-0.692707977059575
-0.6911517702090835
-0.6905680869666552
-0.6911517702090835
-0.6801685875765404
-0.6946826933270518
-0.6988276483537138
-0.6911517702090835
-0.6911517702090835
-0.6607267675343949
-0.6314594702425648
-0.6988276483537138
-0.684206644753033
-0.6216894823033701
-0.6639038632270874
-0.6697301115122375
-0.6573346766505473
-0.6593121171424781
-0.6573346766505473
-0.6905680869666552
-0.6467548890002948
-0.6467548890002948
-0.6758898218107117
-0.6703680010561308
-0.6716659195121508
-0.6739152817370989
-0.6703680010561308
-0.6703680010561308
-0.6905680869666552
-0.6717112872510971
-0.668217960606099
-0.6728033230729089
-0.6946826933270518
-0.6784163621096128
-0.6784163621096128
-0.6703680010561308
-0.6911517702090835
-0.6668008128259492
-0.6988276483537138
-0.6988276483537138
-0.6911517702090835
-0.6886184460677651
-0.6988276483537138
-0.6911517702090835
-0.6905680869666552
-0.6946826933270518
-0.568492759027992
-0.6988276483537138
-0.6988276483537138
-0.6911517702090835
-0.6896342610884233
-0.6988276483537138
-0.6946952051766856
-0.6946826933270518
-0.6988276483537138
-0.6896342610884233
-0.6886184460677651
-0.6911517702090835
-0.6988276483537138
-0.6988276483537138
-0.6911517702090835
