-0.43172343050567397
-0.4277563614743336
-0.48864473115276036
-0.37802775656438553
-0.4277563614743336
-0.3860910830889064
-0.3860910830889064
-0.4165778371719464
-0.38548428383917627
-0.5293068880694274
-0.43950973986753494
-0.4277563614743336
-0.4165778371719464
-0.37670177184909936
-0.3860910830889064
-0.37670177184909936
-0.3860910830889064
-0.44545731890654555
-0.3860910830889064
-0.37802775656438553
-0.35715636641473414
-0.37802775656438553
-0.3860910830889064
-0.420211559346549
-0.38548428383917627
-0.37105776052494643
-0.3795428455045432
-0.6905773763757498
-0.4165778371719464
-0.4165778371719464
-0.5839393710253422
-0.3860910830889064
-0.3860910830889064
-0.37802775656438553
-0.47792667426703445
-0.3860910830889064
-0.3860910830889064
-0.3860910830889064
-0.37802775656438553
-0.3860910830889064
-0.3860910830889064
-0.3860910830889064
-0.37013583223461216
-0.3834566135616595
-0.37802775656438553
-0.37670177184909936
-0.3874692995446995
-0.3962229241960499
-0.5150221620615492
-0.3795428455045432
-0.5589750571656973
-0.39616267073393524
-0.37670177184909936
-0.38548428383917627
-0.420211559346549
-0.3874692995446995
-0.37013583223461216
-0.420211559346549
-0.5507212762137346
-0.3860910830889064
-0.3874692995446995
-0.542087753796537
-0.37105776052494643
-0.4778764787433928
-0.3635399941090448
-0.37529274644381716
-0.3860910830889064
-0.38548428383917627
-0.37947948601221887
-0.38329620437550876
-0.3860910830889064
-0.5583409947370029
-0.3860910830889064
-0.44546138881697805
-0.47792667426703445
-0.3735045093443349
-0.3735045093443349
-0.3962229241960499
-0.43950973986753494
-0.43950973986753494
-0.4644412808624533
-0.4211993196740922
-0.4211993196740922
-0.43172343050567397
-0.4165778371719464
-0.4277563614743336
-0.4211993196740922
-0.4762246531479566
-0.43172343050567397
-0.43172343050567397
-0.43172343050567397
-0.4277563614743336
-0.4165778371719464
-0.3922211200010868
-0.43620419528547044
-0.3860910830889064
-0.3922211200010868
-0.3922211200010868
-0.37670177184909936
-0.5106068785305866
-0.3962229241960499
-0.44546138881697805
-0.3874692995446995
-0.3874692995446995
-0.37105776052494643
-0.6451387554935115
-0.3682012302680798
-0.39324191202897574
-0.38548428383917627
-0.37670177184909936
-0.35715636641473414
-0.5780147032470575
-0.37670177184909936
-0.4254649734080069
-0.38548428383917627
-0.37013583223461216
-0.37670177184909936
-0.37802775656438553
-0.37947948601221887
-0.38548428383917627
-0.47792667426703445
-0.37802775656438553
-0.37529274644381716
-0.420211559346549
-0.35715636641473414
-0.43620419528547044
-0.38548428383917627
-0.35715636641473414
-0.37670177184909936
-0.5589750571656973
-0.3962229241960499
-0.37670177184909936
-0.37670177184909936
-0.6745548965263543
-0.5367035085874726
-0.39910731593884846
-0.5856115147501696
-0.3860910830889064
-0.35715636641473414
-0.37013583223461216
-0.3635399941090448
-0.37670177184909936
-0.37670177184909936
-0.37670177184909936
-0.3735045093443349
-0.43103550564118737
-0.507255648378056
-0.3962229241960499
-0.37670177184909936
-0.43620419528547044
-0.420211559346549
-0.37670177184909936
-0.39324191202897574
-0.37802775656438553
-0.4757765121260746
-0.3860910830889064
-0.37802775656438553
-0.37013583223461216
-0.3635399941090448
-0.39616267073393524
-0.6092616578078155
-0.38329620437550876
-0.3834566135616595
-0.38329620437550876
-0.3860910830889064
-0.41314247194335085
-0.41466046547601554
-0.37105776052494643
-0.420211559346549
-0.5192700339627595
-0.4254649734080069
-0.420211559346549
-0.35715636641473414
-0.37670177184909936
-0.3860910830889064
-0.43620419528547044
-0.3834566135616595
-0.4970436248496695
-0.38548428383917627
-0.3795428455045432
-0.38548428383917627
-0.37802775656438553
-0.3682012302680798
-0.3932997736734887
-0.6893595409449413
-0.3962229241960499
-0.35715636641473414
-0.37670177184909936
-0.37670177184909936
-0.37529274644381716
-0.35715636641473414
-0.37670177184909936
-0.3860910830889064
-0.3962229241960499
-0.39395381166561394
-0.46508533846821837
-0.35715636641473414
-0.3795428455045432
-0.39910731593884846
-0.3735045093443349
-0.35715636641473414
-0.37802775656438553
-0.3922211200010868
-0.38548428383917627
-0.37670177184909936
-0.37670177184909936
-0.542087753796537
-0.49614653784567864
-0.37670177184909936
-0.4689473697313409
-0.47792667426703445
-0.35715636641473414
-0.37013583223461216
-0.3735045093443349
-0.42769522096828844
-0.37802775656438553
-0.37939048991462826
-0.37670177184909936
-0.37802775656438553
-0.420211559346549
-0.37013583223461216
-0.3962229241960499
-0.37670177184909936
-0.37529274644381716
-0.37105776052494643
-0.37670177184909936
-0.38548428383917627
-0.38548428383917627
-0.51529161104448
-0.37802775656438553
-0.37670177184909936
-0.39910731593884846
-0.5780147032470575
-0.46457934812452384
-0.37802775656438553
-0.37670177184909936
-0.37670177184909936
-0.5461546593474418
-0.6412119968177002
-0.420211559346549
-0.37802775656438553
-0.37802775656438553
-0.43620419528547044
-0.5150221620615492
-0.3795428455045432
-0.3860910830889064
-0.3962229241960499
-0.3860910830889064
-0.38548428383917627
-0.37802775656438553
-0.3795428455045432
-0.38329620437550876
-0.3737063094921697
-0.4515546955227541
-0.3682012302680798
-0.43620419528547044
-0.3635399941090448
-0.37802775656438553
-0.47792667426703445
-0.37802775656438553
-0.3735045093443349
-0.5406587164306468
-0.5263859423790763
-0.3795428455045432
-0.37670177184909936
-0.37670177184909936
-0.37802775656438553
-0.5106068785305866
-0.4013996862849083
-0.38548428383917627
-0.3860910830889064
-0.37529274644381716
-0.37529274644381716
-0.40517196761161073
-0.3860910830889064
-0.35715636641473414
-0.420211559346549
-0.3860910830889064
-0.420211559346549
-0.4242910621685984
-0.37529274644381716
-0.3860910830889064
-0.35715636641473414
-0.37670177184909936
-0.3735045093443349
-0.3922211200010868
-0.47792667426703445
-0.38548428383917627
-0.6316154460359827
-0.42769522096828844
-0.37105776052494643
-0.37802775656438553
-0.3860910830889064
-0.3860910830889064
-0.37670177184909936
-0.38548428383917627
-0.3795428455045432
-0.38548428383917627
-0.7212503988212985
-0.5590969324498019
-0.3834566135616595
-0.49614653784567864
-0.44545731890654555
-0.37670177184909936
-0.38548428383917627
-0.3962229241960499
-0.3922211200010868
-0.3860910830889064
-0.37802775656438553
-0.420211559346549
-0.3874692995446995
-0.37670177184909936
-0.49798300931754114
-0.5180963001695144
-0.5128883135870219
-0.553767957158212
-0.4461675745161595
-0.5175158436610438
-0.6190192017547885
-0.5733976616259776
-0.5260592496595393
-0.5827269070340576
-0.4970059606704939
-0.45379943354573155
-0.4318741707801253
-0.6568276048579472
-0.6142521937890298
-0.43950973986753494
-0.43172343050567397
-0.4277563614743336
-0.43172343050567397
-0.4211993196740922
-0.4165778371719464
-0.4165778371719464
-0.43172343050567397
-0.4277563614743336
-0.4211993196740922
-0.43172343050567397
-0.4211993196740922
-0.4489181375127552
-0.4165778371719464
-0.4277563614743336
-0.4165778371719464
-0.43172343050567397
-0.43172343050567397
-0.47838209675867654
-0.4211993196740922
-0.43950973986753494
-0.43172343050567397
-0.4165778371719464
-0.4165778371719464
-0.3682012302680798
-0.6404811778448084
-0.4165778371719464
-0.43172343050567397
-0.43172343050567397
-0.41605654458637653
-0.4165778371719464
-0.43172343050567397
-0.4165778371719464
-0.43172343050567397
-0.45425036165437455
-0.565153921441615
-0.4735084603263256
-0.4211993196740922
-0.6064886450955664
-0.4983990038659949
-0.4211993196740922
-0.4277563614743336
-0.4165778371719464
-0.4165778371719464
-0.4165778371719464
-0.4165778371719464
-0.4165778371719464
-0.43950973986753494
-0.4211993196740922
-0.4277563614743336
-0.41269451347681757
-0.4983990038659949
-0.5787161571408129
-0.4983990038659949
-0.43172343050567397
-0.43172343050567397
-0.43172343050567397
-0.43950973986753494
-0.43950973986753494
-0.4277563614743336
-0.43172343050567397
-0.43950973986753494
-0.43950973986753494
-0.43172343050567397
-0.4983990038659949
-0.6705114152215512
-0.4254649734080069
-0.3962229241960499
-0.3860910830889064
-0.47792667426703445
-0.3860910830889064
-0.35715636641473414
-0.3860910830889064
-0.634977853727736
-0.37939048991462826
-0.37670177184909936
-0.3860910830889064
-0.3834566135616595
-0.37670177184909936
-0.42477849078114
-0.37670177184909936
-0.44433321884347715
-0.37939048991462826
-0.37670177184909936
-0.4682934896822137
-0.43620419528547044
-0.48864473115276036
-0.6451387554935115
-0.3962229241960499
-0.3932997736734887
-0.3795428455045432
-0.3860910830889064
-0.38548428383917627
-0.47792667426703445
-0.37670177184909936
-0.35715636641473414
-0.37105776052494643
-0.6452473903878448
-0.3682012302680798
-0.43620419528547044
-0.44357919718390865
-0.542087753796537
-0.5081259710162275
-0.3860910830889064
-0.38548428383917627
-0.37670177184909936
-0.3860910830889064
-0.5303518720182968
-0.3860910830889064
-0.37802775656438553
-0.3860910830889064
-0.37670177184909936
-0.4545044463418736
-0.3682012302680798
-0.37529274644381716
-0.38548428383917627
-0.42769522096828844
-0.37947948601221887
-0.37802775656438553
-0.37670177184909936
-0.37670177184909936
-0.38329620437550876
-0.37802775656438553
-0.3682012302680798
-0.37802775656438553
-0.3737063094921697
-0.41269451347681757
-0.37939048991462826
-0.3860910830889064
-0.542087753796537
-0.5625452650028266
-0.5866778181774482
-0.46508533846821837
-0.38329620437550876
-0.5365035353889924
-0.35715636641473414
-0.420211559346549
-0.37105776052494643
-0.3635399941090448
-0.3922211200010868
-0.37670177184909936
-0.37670177184909936
-0.420211559346549
-0.3874692995446995
-0.3860910830889064
-0.3922211200010868
-0.3860910830889064
-0.3737063094921697
-0.37670177184909936
-0.43620419528547044
-0.4735084603263256
-0.38548428383917627
-0.43620419528547044
-0.47792667426703445
-0.38548428383917627
-0.3962229241960499
-0.37670177184909936
-0.3834566135616595
-0.3635399941090448
-0.38548428383917627
-0.3962229241960499
-0.3962229241960499
-0.40517196761161073
-0.3874692995446995
-0.3962229241960499
-0.5876643787810366
-0.4792605621421068
-0.3962229241960499
-0.41314247194335085
-0.37947948601221887
-0.4689473697313409
-0.37529274644381716
-0.3795428455045432
-0.37670177184909936
-0.37105776052494643
-0.37670177184909936
-0.420211559346549
-0.37013583223461216
-0.37802775656438553
-0.6282059427158018
-0.43620419528547044
-0.37670177184909936
-0.37802775656438553
-0.35715636641473414
-0.37105776052494643
-0.43620419528547044
-0.35715636641473414
-0.4108345113906447
-0.3962229241960499
-0.38548428383917627
-0.35715636641473414
-0.37670177184909936
-0.3860910830889064
-0.5118067109266232
-0.6003034857024163
-0.542087753796537
-0.41466046547601554
-0.542087753796537
-0.47792667426703445
-0.3962229241960499
-0.5604922846089012
-0.37802775656438553
-0.3635399941090448
-0.37670177184909936
-0.3860910830889064
-0.37013583223461216
-0.37013583223461216
-0.43620419528547044
-0.37670177184909936
-0.43620419528547044
-0.37670177184909936
-0.35715636641473414
-0.420211559346549
-0.38548428383917627
-0.44357919718390865
-0.47792667426703445
-0.37670177184909936
-0.3860910830889064
-0.3735045093443349
-0.7553850264366464
-0.5780147032470575
-0.37802775656438553
-0.39395381166561394
-0.37670177184909936
-0.3735045093443349
-0.3735045093443349
-0.40517196761161073
-0.49614653784567864
-0.44545731890654555
-0.5721915864207521
-0.38548428383917627
-0.37013583223461216
-0.3834566135616595
-0.37529274644381716
-0.42769522096828844
-0.43620419528547044
-0.4928019864576537
-0.504228006700922
-0.7445720876497296
-0.43620419528547044
-0.37670177184909936
-0.39910731593884846
-0.37670177184909936
-0.5589750571656973
-0.38548428383917627
-0.37529274644381716
-0.3962229241960499
-0.6031096568094741
-0.420211559346549
-0.37105776052494643
-0.3635399941090448
-0.5406587164306468
-0.37802775656438553
-0.5293068880694274
-0.6412119968177002
-0.3860910830889064
-0.39616267073393524
-0.3795428455045432
-0.3932997736734887
-0.45652716872239263
-0.45652716872239263
-0.3860910830889064
-0.3860910830889064
-0.47434789983419895
-0.3962229241960499
-0.40517196761161073
-0.41269451347681757
-0.43620419528547044
-0.49614653784567864
-0.3962229241960499
-0.3737063094921697
-0.3860910830889064
-0.4108345113906447
-0.3635399941090448
-0.4841043959371042
-0.5416515551303399
-0.37013583223461216
-0.5118067109266232
-0.3962229241960499
-0.5227140927683396
-0.420211559346549
-0.3795428455045432
-0.43620419528547044
-0.3932997736734887
-0.3682012302680798
-0.3737063094921697
-0.7553850264366464
-0.37947948601221887
-0.4682934896822137
-0.37939048991462826
-0.3962229241960499
-0.35715636641473414
-0.5027153644679264
-0.38548428383917627
-0.37947948601221887
-0.42255004003478674
-0.614878791336411
-0.47792667426703445
-0.3635399941090448
-0.3962229241960499
-0.37802775656438553
-0.420211559346549
-0.3962229241960499
-0.420211559346549
-0.37670177184909936
-0.38548428383917627
-0.420211559346549
-0.37947948601221887
-0.39324191202897574
-0.37802775656438553
-0.3735045093443349
-0.41314247194335085
-0.3962229241960499
-0.3635399941090448
-0.3962229241960499
-0.420211559346549
-0.3962229241960499
-0.35715636641473414
-0.38329620437550876
-0.3635399941090448
-0.35715636641473414
-0.3860910830889064
-0.3860910830889064
-0.3860910830889064
-0.37802775656438553
-0.38548428383917627
-0.3860910830889064
-0.43620419528547044
-0.4880809607785548
-0.542087753796537
-0.5589750571656973
-0.3860910830889064
-0.3860910830889064
-0.3834566135616595
-0.5589750571656973
-0.4682934896822137
-0.3860910830889064
-0.3860910830889064
-0.3860910830889064
-0.37670177184909936
-0.42255004003478674
-0.37670177184909936
-0.3860910830889064
-0.43620419528547044
-0.37802775656438553
-0.3962229241960499
-0.39910731593884846
-0.38548428383917627
-0.37802775656438553
-0.6077967226657642
-0.420211559346549
-0.37802775656438553
-0.49614653784567864
-0.39910731593884846
-0.6403449130827837
-0.37947948601221887
-0.3860910830889064
-0.3682012302680798
-0.3682012302680798
-0.3860910830889064
-0.3962229241960499
-0.37939048991462826
-0.5227140927683396
-0.3962229241960499
-0.39616267073393524
-0.39616267073393524
-0.37670177184909936
-0.40517196761161073
-0.5916369596733776
-0.3962229241960499
-0.3860910830889064
-0.42255004003478674
-0.37529274644381716
-0.3922211200010868
-0.3795428455045432
-0.37529274644381716
-0.621109688757269
-0.37529274644381716
-0.37013583223461216
-0.420211559346549
-0.38548428383917627
-0.3962229241960499
-0.37802775656438553
-0.4108345113906447
-0.44433321884347715
-0.3635399941090448
-0.3874692995446995
-0.4013996862849083
-0.3874692995446995
-0.3922211200010868
-0.38548428383917627
-0.37802775656438553
-0.3795428455045432
-0.6403449130827837
-0.37802775656438553
-0.38548428383917627
-0.3860910830889064
-0.3860910830889064
-0.39910731593884846
-0.38548428383917627
-0.3860910830889064
-0.3682012302680798
-0.3682012302680798
-0.37802775656438553
-0.35715636641473414
-0.3635399941090448
-0.35715636641473414
-0.5589750571656973
-0.37802775656438553
-0.43620419528547044
-0.37947948601221887
-0.37670177184909936
-0.46450573573167037
-0.3860910830889064
-0.43620419528547044
-0.43620419528547044
-0.43620419528547044
-0.5887398886152176
-0.7170227809393701
-0.5367035085874726
-0.3962229241960499
-0.37802775656438553
-0.3962229241960499
-0.43620419528547044
-0.37802775656438553
-0.4689473697313409
-0.3860910830889064
-0.37670177184909936
-0.3860910830889064
-0.5838754769319409
-0.38548428383917627
-0.40517196761161073
-0.5360963035267963
-0.37013583223461216
-0.38548428383917627
-0.39910731593884846
-0.38548428383917627
-0.3860910830889064
-0.3860910830889064
-0.43620419528547044
-0.3860910830889064
-0.41605654458637653
-0.3922211200010868
-0.5709251236677028
-0.37670177184909936
-0.37802775656438553
-0.3682012302680798
-0.37802775656438553
-0.3860910830889064
-0.4753234518125926
-0.3962229241960499
-0.38548428383917627
-0.37939048991462826
-0.41314247194335085
-0.37802775656438553
-0.37802775656438553
-0.3860910830889064
-0.37670177184909936
-0.4545044463418736
-0.49590364076198074
-0.37105776052494643
-0.3860910830889064
-0.35715636641473414
-0.3874692995446995
-0.4354852150919688
-0.37802775656438553
-0.37802775656438553
-0.38548428383917627
-0.37670177184909936
-0.3860910830889064
-0.41466046547601554
-0.41466046547601554
-0.3682012302680798
-0.37105776052494643
-0.37105776052494643
-0.498732829979106
-0.5327227507033989
-0.6031096568094741
-0.3860910830889064
-0.3962229241960499
-0.6511635607391312
-0.37529274644381716
-0.37529274644381716
-0.37013583223461216
-0.37670177184909936
-0.37947948601221887
-0.47792667426703445
-0.37670177184909936
-0.4421764869884754
-0.37670177184909936
-0.37802775656438553
-0.43620419528547044
-0.37529274644381716
-0.37802775656438553
-0.37802775656438553
-0.3635399941090448
-0.3635399941090448
-0.420211559346549
-0.47792667426703445
-0.37939048991462826
-0.678841293061306
-0.6092616578078155
-0.35715636641473414
-0.37670177184909936
-0.41466046547601554
-0.4203729424141488
-0.542087753796537
-0.37105776052494643
-0.3860910830889064
-0.41314247194335085
-0.3860910830889064
-0.47792667426703445
-0.37802775656438553
-0.37802775656438553
-0.37670177184909936
-0.37947948601221887
-0.37802775656438553
-0.37802775656438553
-0.37670177184909936
-0.44545731890654555
-0.40517196761161073
-0.37105776052494643
-0.3962229241960499
-0.37802775656438553
-0.37802775656438553
-0.3735045093443349
-0.3735045093443349
-0.586477456067574
-0.41269451347681757
-0.3922211200010868
-0.5589750571656973
-0.37670177184909936
-0.38548428383917627
-0.37802775656438553
-0.37802775656438553
-0.3962229241960499
-0.38548428383917627
-0.3860910830889064
-0.37670177184909936
-0.3635399941090448
-0.38548428383917627
-0.37670177184909936
-0.7743358172303634
-0.37670177184909936
-0.3795428455045432
-0.5852700268994535
-0.37939048991462826
-0.3860910830889064
-0.3860910830889064
-0.3922211200010868
-0.3737063094921697
-0.43620419528547044
-0.4242910621685984
-0.37802775656438553
-0.5054083638108637
-0.4745904506657408
-0.420211559346549
-0.3635399941090448
-0.3860910830889064
-0.5576456744904819
-0.3795428455045432
-0.37670177184909936
-0.6092616578078155
-0.37105776052494643
-0.47792667426703445
-0.3962229241960499
-0.3735045093443349
-0.43620419528547044
-0.37802775656438553
-0.5323140819059494
-0.3860910830889064
-0.43620419528547044
-0.3860910830889064
-0.37529274644381716
-0.5106068785305866
-0.5001657813107845
-0.420211559346549
-0.35715636641473414
-0.4308710410928611
-0.38548428383917627
-0.420211559346549
-0.3932997736734887
-0.37802775656438553
-0.47792667426703445
-0.37670177184909936
-0.3860910830889064
-0.3922211200010868
-0.37013583223461216
-0.39324191202897574
-0.3860910830889064
-0.5001657813107845
-0.37939048991462826
-0.4242910621685984
-0.38548428383917627
-0.7019682220797595
-0.35715636641473414
-0.3635399941090448
-0.4308710410928611
-0.43620419528547044
-0.47792667426703445
-0.3737063094921697
-0.6092616578078155
-0.420211559346549
-0.48864473115276036
-0.3962229241960499
-0.3682012302680798
-0.3962229241960499
-0.4682934896822137
-0.6031096568094741
-0.7324876559919633
-0.4841043959371042
-0.37105776052494643
-0.37105776052494643
-0.3860910830889064
-0.38548428383917627
-0.39910731593884846
-0.46009546007471874
-0.6412119968177002
-0.5589750571656973
-0.3962229241960499
-0.6451387554935115
-0.6031096568094741
-0.38548428383917627
-0.5574900193816914
-0.39324191202897574
-0.3860910830889064
-0.38548428383917627
-0.3962229241960499
-0.3860910830889064
-0.4736516482305145
-0.38329620437550876
-0.420211559346549
-0.5786615642317601
-0.3860910830889064
-0.37670177184909936
-0.41466046547601554
-0.46450573573167037
-0.5612960515530272
-0.38548428383917627
-0.49575727010840354
-0.40517196761161073
-0.37013583223461216
-0.3962229241960499
-0.37802775656438553
-0.37529274644381716
-0.41466046547601554
-0.37947948601221887
-0.420211559346549
-0.3962229241960499
-0.3860910830889064
-0.3860910830889064
-0.37670177184909936
-0.542087753796537
-0.4299756686238253
-0.3860910830889064
-0.39616267073393524
-0.3962229241960499
-0.37670177184909936
-0.3860910830889064
-0.38548428383917627
-0.37802775656438553
-0.37013583223461216
-0.5365035353889924
-0.40612989122868715
-0.3860910830889064
-0.37947948601221887
-0.3962229241960499
-0.43620419528547044
-0.37670177184909936
-0.3860910830889064
-0.5001657813107845
-0.37947948601221887
-0.43620419528547044
-0.3635399941090448
-0.3635399941090448
-0.43124155712740597
-0.5416515551303399
-0.37802775656438553
-0.3932997736734887
-0.38548428383917627
-0.37802775656438553
-0.420211559346549
-0.6238768265763117
-0.40517196761161073
-0.542087753796537
-0.37013583223461216
-0.5045377029803833
-0.4013996862849083
-0.4586966214086568
-0.3874692995446995
-0.37670177184909936
-0.3874692995446995
-0.3932997736734887
-0.44545731890654555
-0.38329620437550876
-0.3860910830889064
-0.38548428383917627
-0.37670177184909936
-0.35715636641473414
-0.38548428383917627
-0.3860910830889064
-0.37947948601221887
-0.37670177184909936
-0.37013583223461216
-0.43620419528547044
-0.43620419528547044
-0.3962229241960499
-0.35715636641473414
-0.3735045093443349
-0.37013583223461216
-0.3635399941090448
-0.5380044896668442
-0.3962229241960499
-0.3860910830889064
-0.37939048991462826
-0.6031096568094741
-0.3860910830889064
-0.37802775656438553
-0.35715636641473414
-0.37670177184909936
-0.4545044463418736
-0.37670177184909936
-0.5365035353889924
-0.5780147032470575
-0.3834566135616595
-0.3795428455045432
-0.38548428383917627
-0.38548428383917627
-0.3874692995446995
-0.3860910830889064
-0.5633332833545259
-0.5323140819059494
-0.5780147032470575
-0.37670177184909936
-0.3737063094921697
-0.37802775656438553
-0.4108345113906447
-0.44433321884347715
-0.4031509215933455
-0.455600672821992
-0.6367825701883418
-0.3860910830889064
-0.542087753796537
-0.49614653784567864
-0.38548428383917627
-0.3922211200010868
-0.3962229241960499
-0.37013583223461216
-0.37013583223461216
-0.5898528149315208
-0.3962229241960499
-0.5170708628850701
-0.3932997736734887
-0.47792667426703445
-0.37105776052494643
-0.37670177184909936
-0.3962229241960499
-0.3834566135616595
-0.37802775656438553
-0.3795428455045432
-0.38329620437550876
-0.37670177184909936
-0.4778764787433928
-0.37947948601221887
-0.37947948601221887
-0.37802775656438553
-0.46508533846821837
-0.37947948601221887
-0.37802775656438553
-0.37802775656438553
-0.4880809607785548
-0.3682012302680798
-0.37802775656438553
-0.37013583223461216
-0.40517196761161073
-0.38548428383917627
-0.420211559346549
-0.39910731593884846
-0.47792667426703445
-0.5106068785305866
-0.43620419528547044
-0.37802775656438553
-0.3922211200010868
-0.37670177184909936
-0.37939048991462826
-0.37939048991462826
-0.39395381166561394
-0.42769522096828844
-0.5828568181533474
-0.46450573573167037
-0.5663013161651642
-0.3874692995446995
-0.5823398023837486
-0.38548428383917627
-0.37802775656438553
-0.3737063094921697
-0.3795428455045432
-0.3860910830889064
-0.3795428455045432
-0.37670177184909936
-0.37802775656438553
-0.6282059427158018
-0.3874692995446995
-0.37670177184909936
-0.3795428455045432
-0.38548428383917627
-0.37939048991462826
-0.37013583223461216
-0.38329620437550876
-0.4354852150919688
-0.3922211200010868
-0.42769522096828844
-0.420211559346549
-0.38329620437550876
-0.37670177184909936
-0.49614653784567864
-0.35715636641473414
-0.37013583223461216
-0.37529274644381716
-0.41605654458637653
-0.41605654458637653
-0.44545731890654555
-0.3860910830889064
-0.5411858298626371
-0.3834566135616595
-0.37670177184909936
-0.3860910830889064
-0.5433851375083327
-0.3735045093443349
-0.6189713751889143
-0.37529274644381716
-0.37802775656438553
-0.3860910830889064
-0.420211559346549
-0.40517196761161073
-0.420211559346549
-0.37802775656438553
-0.3795428455045432
-0.5589750571656973
-0.3860910830889064
-0.420211559346549
-0.3962229241960499
-0.3962229241960499
-0.3682012302680798
-0.37802775656438553
-0.6334118887866762
-0.35715636641473414
-0.37802775656438553
-0.38548428383917627
-0.3874692995446995
-0.37013583223461216
-0.37529274644381716
-0.37529274644381716
-0.3795428455045432
-0.37802775656438553
-0.39616267073393524
-0.3682012302680798
-0.37670177184909936
-0.35715636641473414
-0.3860910830889064
-0.37947948601221887
-0.3635399941090448
-0.37670177184909936
-0.3860910830889064
-0.37802775656438553
-0.37802775656438553
-0.40612989122868715
-0.37670177184909936
-0.49614653784567864
-0.37670177184909936
-0.43620419528547044
-0.43103550564118737
-0.3682012302680798
-0.420211559346549
-0.3635399941090448
-0.3860910830889064
-0.37670177184909936
-0.37802775656438553
-0.35715636641473414
-0.35715636641473414
-0.38548428383917627
-0.3860910830889064
-0.37105776052494643
-0.49614653784567864
-0.3737063094921697
-0.37529274644381716
-0.39910731593884846
-0.3682012302680798
-0.35715636641473414
-0.42255004003478674
-0.49614653784567864
-0.43124155712740597
-0.3795428455045432
-0.542087753796537
-0.5640097300385366
-0.5424274083590604
-0.3795428455045432
-0.3922211200010868
-0.38548428383917627
-0.3860910830889064
-0.40517196761161073
-0.37802775656438553
-0.48864473115276036
-0.4108345113906447
-0.39324191202897574
-0.38329620437550876
-0.3860910830889064
-0.39324191202897574
-0.47434789983419895
-0.3962229241960499
-0.37670177184909936
-0.37802775656438553
-0.37670177184909936
-0.37105776052494643
-0.6846420087845138
-0.3682012302680798
-0.3737063094921697
-0.3860910830889064
-0.3635399941090448
-0.3860910830889064
-0.41314247194335085
-0.37939048991462826
-0.4203729424141488
-0.621109688757269
-0.37802775656438553
-0.37670177184909936
-0.41555000529724223
-0.3874692995446995
-0.3735045093443349
-0.3922211200010868
-0.37802775656438553
-0.37105776052494643
-0.37802775656438553
-0.39324191202897574
-0.5449491510884918
-0.3735045093443349
-0.37670177184909936
-0.38548428383917627
-0.3860910830889064
-0.3962229241960499
-0.3860910830889064
-0.3860910830889064
-0.43620419528547044
-0.47792667426703445
-0.42769522096828844
-0.3860910830889064
-0.43620419528547044
-0.3860910830889064
-0.38548428383917627
-0.3922211200010868
-0.35715636641473414
-0.49434850939175223
-0.47792667426703445
-0.37802775656438553
-0.35715636641473414
-0.37947948601221887
-0.563219461712273
-0.37670177184909936
-0.4108345113906447
-0.3735045093443349
-0.37529274644381716
-0.7927800780312044
-0.37670177184909936
-0.6221439320793072
-0.38548428383917627
-0.38548428383917627
-0.420211559346549
-0.420211559346549
-0.3962229241960499
-0.5229713798574955
-0.3962229241960499
-0.6092616578078155
-0.3962229241960499
-0.420211559346549
-0.3962229241960499
-0.37670177184909936
-0.5278024268529737
-0.3962229241960499
-0.38548428383917627
-0.47792667426703445
-0.43620419528547044
-0.38548428383917627
-0.38548428383917627
-0.37802775656438553
-0.49614653784567864
-0.3860910830889064
-0.37105776052494643
-0.37802775656438553
-0.37802775656438553
-0.37670177184909936
-0.3962229241960499
-0.40517196761161073
-0.6267371995705024
-0.6403449130827837
-0.46457934812452384
-0.5365035353889924
-0.37670177184909936
-0.37013583223461216
-0.38548428383917627
-0.35715636641473414
-0.4031509215933455
-0.37802775656438553
-0.3635399941090448
-0.3860910830889064
-0.37013583223461216
-0.37670177184909936
-0.4562129224201353
-0.39616267073393524
-0.37947948601221887
-0.42255004003478674
-0.542087753796537
-0.37105776052494643
-0.3682012302680798
-0.47434789983419895
-0.5589750571656973
-0.37670177184909936
-0.37802775656438553
-0.3962229241960499
-0.39616267073393524
-0.35715636641473414
-0.37802775656438553
-0.49614653784567864
-0.38548428383917627
-0.3860910830889064
-0.41605654458637653
-0.47434789983419895
-0.3860910830889064
-0.38548428383917627
-0.542087753796537
-0.3962229241960499
-0.420211559346549
-0.3962229241960499
-0.37670177184909936
-0.5461546593474418
-0.37802775656438553
-0.38548428383917627
-0.38548428383917627
-0.3962229241960499
-0.37670177184909936
-0.37670177184909936
-0.37105776052494643
-0.37802775656438553
-0.43620419528547044
-0.37013583223461216
-0.39616267073393524
-0.3962229241960499
-0.3874692995446995
-0.39395381166561394
-0.39616267073393524
-0.37529274644381716
-0.5106068785305866
-0.37670177184909936
-0.3860910830889064
-0.37802775656438553
-0.35715636641473414
-0.3922211200010868
-0.5189994892857525
-0.5325109770441246
-0.5106068785305866
-0.37670177184909936
-0.3962229241960499
-0.39395381166561394
-0.3962229241960499
-0.38548428383917627
-0.542087753796537
-0.38548428383917627
-0.37802775656438553
-0.37529274644381716
-0.3962229241960499
-0.37670177184909936
-0.37670177184909936
-0.37670177184909936
-0.37670177184909936
-0.3682012302680798
-0.37802775656438553
-0.3860910830889064
-0.3860910830889064
-0.37939048991462826
-0.37939048991462826
-0.35715636641473414
-0.3860910830889064
-0.47434789983419895
-0.6682657729260294
-0.37670177184909936
-0.3834566135616595
-0.39324191202897574
-0.39324191202897574
-0.3962229241960499
-0.37802775656438553
-0.37939048991462826
-0.37802775656438553
-0.37802775656438553
-0.5813595667098284
-0.43620419528547044
-0.5587969608953834
-0.37529274644381716
-0.37670177184909936
-0.37939048991462826
-0.37947948601221887
-0.38548428383917627
-0.37802775656438553
-0.37529274644381716
-0.38548428383917627
-0.3795428455045432
-0.37670177184909936
-0.37802775656438553
-0.37802775656438553
-0.3860910830889064
-0.47792667426703445
-0.38548428383917627
-0.5780147032470575
-0.3962229241960499
-0.5780147032470575
-0.37802775656438553
-0.38548428383917627
-0.3860910830889064
-0.3922211200010868
-0.37802775656438553
-0.38548428383917627
-0.3962229241960499
-0.43620419528547044
-0.6424401138241327
-0.5411858298626371
-0.42769522096828844
-0.3860910830889064
-0.47792667426703445
-0.40517196761161073
-0.38548428383917627
-0.37802775656438553
-0.3737063094921697
-0.4990274182669824
-0.3735045093443349
-0.3860910830889064
-0.38548428383917627
-0.40612989122868715
-0.37947948601221887
-0.37802775656438553
-0.3795428455045432
-0.420211559346549
-0.35715636641473414
-0.4903752289890634
-0.43620419528547044
-0.5589750571656973
-0.38548428383917627
-0.43620419528547044
-0.40517196761161073
-0.39324191202897574
-0.46508533846821837
-0.37939048991462826
-0.4758963614887751
-0.4682934896822137
-0.3860910830889064
-0.38548428383917627
-0.6628278755665987
-0.6169266088167096
-0.3860910830889064
-0.47792667426703445
-0.37105776052494643
-0.37802775656438553
-0.5293068880694274
-0.4254649734080069
-0.37802775656438553
-0.35715636641473414
-0.4954652271263064
-0.43620419528547044
-0.47792667426703445
-0.73204748771713
-0.3860910830889064
-0.38548428383917627
-0.47792667426703445
-0.5531093204868536
-0.3834566135616595
-0.3962229241960499
-0.3860910830889064
-0.38548428383917627
-0.420211559346549
-0.37802775656438553
-0.42769522096828844
-0.4942817249261983
-0.3860910830889064
-0.3795428455045432
-0.4308710410928611
-0.420211559346549
-0.43124155712740597
-0.47792667426703445
-0.3932997736734887
-0.37105776052494643
-0.37105776052494643
-0.3737063094921697
-0.37529274644381716
-0.37529274644381716
-0.44545731890654555
-0.3860910830889064
-0.542087753796537
-0.37670177184909936
-0.420211559346549
-0.3922211200010868
-0.38548428383917627
-0.3962229241960499
-0.7374152146131561
-0.42508902217673417
-0.39616267073393524
-0.5589750571656973
-0.3932997736734887
-0.4576927317293764
-0.4608927317733787
-0.3795428455045432
-0.3962229241960499
-0.43620419528547044
-0.4545044463418736
-0.38548428383917627
-0.3962229241960499
-0.37670177184909936
-0.35715636641473414
-0.49614653784567864
-0.41314247194335085
-0.38548428383917627
-0.3962229241960499
-0.3860910830889064
-0.3860910830889064
-0.37670177184909936
-0.3860910830889064
-0.38329620437550876
-0.43620419528547044
-0.38548428383917627
-0.5226223379531333
-0.3735045093443349
-0.3962229241960499
-0.3962229241960499
-0.49614653784567864
-0.43620419528547044
-0.37947948601221887
-0.37013583223461216
-0.37670177184909936
-0.37670177184909936
-0.3860910830889064
-0.6804187136755759
-0.38548428383917627
-0.37013583223461216
-0.484845010494759
-0.660044306488314
-0.38548428383917627
-0.5746613286202665
-0.37670177184909936
-0.3860910830889064
-0.3860910830889064
-0.37670177184909936
-0.3735045093443349
-0.44546138881697805
-0.38548428383917627
-0.41269451347681757
-0.37802775656438553
-0.37670177184909936
-0.3860910830889064
-0.38548428383917627
-0.3860910830889064
-0.39616267073393524
-0.43124155712740597
-0.3735045093443349
-0.37670177184909936
-0.37013583223461216
-0.37529274644381716
-0.3922211200010868
-0.5120772905126615
-0.37529274644381716
-0.39324191202897574
-0.3860910830889064
-0.5720193304043658
-0.49434850939175223
-0.44357919718390865
-0.48864473115276036
-0.37670177184909936
-0.3860910830889064
-0.37013583223461216
-0.3635399941090448
-0.507255648378056
-0.3834566135616595
-0.49614653784567864
-0.3795428455045432
-0.43620419528547044
-0.542087753796537
-0.3735045093443349
-0.3860910830889064
-0.39324191202897574
-0.39616267073393524
-0.38548428383917627
-0.3962229241960499
-0.4586966214086568
-0.39067596047004666
-0.43021946446905446
-0.3860910830889064
-0.542087753796537
-0.47792667426703445
-0.6031096568094741
-0.41269451347681757
-0.73204748771713
-0.4254649734080069
-0.44546138881697805
-0.3795428455045432
-0.37802775656438553
-0.3962229241960499
-0.40517196761161073
-0.37670177184909936
-0.3834566135616595
-0.37939048991462826
-0.41555000529724223
-0.38548428383917627
-0.6093719367665962
-0.47792667426703445
-0.5106068785305866
-0.3962229241960499
-0.38548428383917627
-0.3922211200010868
-0.6403449130827837
-0.37802775656438553
-0.44546138881697805
-0.4254649734080069
-0.38548428383917627
-0.3682012302680798
-0.3682012302680798
-0.5001657813107845
-0.420211559346549
-0.6536263838441102
-0.38329620437550876
-0.37802775656438553
-0.37947948601221887
-0.3932997736734887
-0.38548428383917627
-0.4242910621685984
-0.37670177184909936
-0.49614653784567864
-0.4254649734080069
-0.39616267073393524
-0.37105776052494643
-0.420211559346549
-0.37939048991462826
-0.38329620437550876
-0.38548428383917627
-0.38548428383917627
-0.3735045093443349
-0.43620419528547044
-0.37802775656438553
-0.37013583223461216
-0.43620419528547044
-0.43620419528547044
-0.420211559346549
-0.3635399941090448
-0.38548428383917627
-0.43620419528547044
-0.3860910830889064
-0.4374597417529044
-0.4689375220775862
-0.37802775656438553
-0.3735045093443349
-0.3932997736734887
-0.37802775656438553
-0.37802775656438553
-0.49614653784567864
-0.37802775656438553
-0.3682012302680798
-0.37947948601221887
-0.6269033607142583
-0.43620419528547044
-0.37105776052494643
-0.4308710410928611
-0.3922211200010868
-0.37670177184909936
-0.37105776052494643
-0.3860910830889064
-0.38548428383917627
-0.39324191202897574
-0.43620419528547044
-0.3962229241960499
-0.37013583223461216
-0.3962229241960499
-0.37939048991462826
-0.3962229241960499
-0.43620419528547044
-0.39395381166561394
-0.49434850939175223
-0.43021946446905446
-0.5106068785305866
-0.3922211200010868
-0.37670177184909936
-0.4242910621685984
-0.42769522096828844
-0.3860910830889064
-0.37529274644381716
-0.3737063094921697
-0.38548428383917627
-0.35715636641473414
-0.3682012302680798
-0.37947948601221887
-0.3860910830889064
-0.5436717007250155
-0.5589750571656973
-0.3962229241960499
-0.3735045093443349
-0.5589750571656973
-0.5192700339627595
-0.38329620437550876
-0.37670177184909936
-0.4970436248496695
-0.3922211200010868
-0.5841247330248487
-0.37670177184909936
-0.3962229241960499
-0.3962229241960499
-0.37529274644381716
-0.3795428455045432
-0.6642042389841953
-0.41605654458637653
-0.41466046547601554
-0.3795428455045432
-0.3737063094921697
-0.37670177184909936
-0.420211559346549
-0.38548428383917627
-0.3860910830889064
-0.37670177184909936
-0.3962229241960499
-0.4254649734080069
-0.3962229241960499
-0.3860910830889064
-0.5589750571656973
-0.3932997736734887
-0.43103550564118737
-0.35715636641473414
-0.43620419528547044
-0.37802775656438553
-0.37670177184909936
-0.37802775656438553
-0.4308710410928611
-0.3962229241960499
-0.37529274644381716
-0.4242910621685984
-0.3834566135616595
-0.38548428383917627
-0.37670177184909936
-0.47792667426703445
-0.5448521447197735
-0.3860910830889064
-0.35715636641473414
-0.7231862759915436
-0.42769522096828844
-0.40517196761161073
-0.3860910830889064
-0.43620419528547044
-0.5189994892857525
-0.7217892198424843
-0.37105776052494643
-0.39395381166561394
-0.38548428383917627
-0.3962229241960499
-0.37802775656438553
-0.3922211200010868
-0.41605654458637653
-0.4942817249261983
-0.4545044463418736
-0.38548428383917627
-0.3635399941090448
-0.3860910830889064
-0.3860910830889064
-0.38548428383917627
-0.3962229241960499
-0.420211559346549
-0.3682012302680798
-0.37670177184909936
-0.3962229241960499
-0.3860910830889064
-0.35715636641473414
-0.37670177184909936
-0.3860910830889064
-0.37670177184909936
-0.37670177184909936
-0.6202069863335666
-0.3860910830889064
-0.3737063094921697
-0.3860910830889064
-0.3860910830889064
-0.4424653104274887
-0.44458451724668946
-0.39616267073393524
-0.3860910830889064
-0.3682012302680798
-0.37802775656438553
-0.6092616578078155
-0.37105776052494643
-0.4954652271263064
-0.5624957018560504
-0.41555000529724223
-0.37802775656438553
-0.37013583223461216
-0.420211559346549
-0.4954652271263064
-0.37529274644381716
-0.38548428383917627
-0.49614653784567864
-0.5450643302234999
-0.5746613286202665
-0.39324191202897574
-0.6031096568094741
-0.420211559346549
-0.35715636641473414
-0.37939048991462826
-0.42769522096828844
-0.37939048991462826
-0.37529274644381716
-0.42769522096828844
-0.3860910830889064
-0.39324191202897574
-0.3962229241960499
-0.41555000529724223
-0.5753308641640144
-0.43620419528547044
-0.38329620437550876
-0.38329620437550876
-0.3860910830889064
-0.3962229241960499
-0.3860910830889064
-0.37013583223461216
-0.47792667426703445
-0.37670177184909936
-0.420211559346549
-0.3735045093443349
-0.6092616578078155
-0.3962229241960499
-0.5365035353889924
-0.38548428383917627
-0.5780147032470575
-0.3922211200010868
-0.6744663643592534
-0.41314247194335085
-0.42255004003478674
-0.37013583223461216
-0.38548428383917627
-0.3860910830889064
-0.38548428383917627
-0.38548428383917627
-0.4545044463418736
-0.37670177184909936
-0.43103550564118737
-0.43103550564118737
-0.37939048991462826
-0.39910731593884846
-0.3962229241960499
-0.44357919718390865
-0.3860910830889064
-0.37670177184909936
-0.43103550564118737
-0.5624957018560504
-0.7665169849444241
-0.3962229241960499
-0.3962229241960499
-0.37802775656438553
-0.40612989122868715
-0.37670177184909936
-0.3834566135616595
-0.37802775656438553
-0.41605654458637653
-0.49890851807461783
-0.37802775656438553
-0.43620419528547044
-0.3860910830889064
-0.40612989122868715
-0.43620419528547044
-0.7726572702295618
-0.5589750571656973
-0.37802775656438553
-0.40612989122868715
-0.4108345113906447
-0.37670177184909936
-0.37670177184909936
-0.5625096472875901
-0.5726656243364301
-0.45425036165437455
-0.7173885547522023
-0.7934279687532505
-0.7586706398323871
-0.6411125368843039
-0.5660989556418121
-0.8004374424783214
-0.6037488993841733
-0.6599222173470014
-0.5248915159029952
-0.44809193526391283
-0.5347939051545642
-0.5877033738739218
-0.5639870445936105
-0.579356601946307
-0.5892800696682952
-0.6464667254087216
-0.7737035166164591
-0.540445173915205
-0.5028625104959311
-0.553757528398475
-0.539484852364684
-0.579356601946307
-0.6107453986267493
-0.6809151078850026
-0.5414693019947925
-0.47893316055561974
-0.5128883135870219
-0.4515503824154734
-0.6810024022918946
-0.5639761968450645
-0.5146728342427624
-0.5862874069677013
-0.5054449164099176
-0.475940027859781
-0.4461675745161595
-0.6003457580608467
-0.6202962058646505
-0.4366924502954633
-0.44836185642166865
-0.4461675745161595
-0.49326190197273667
-0.7330029786115335
-0.5480228951581629
-0.47893316055561974
-0.6579743927495508
-0.49156116450161824
-0.6070573144046847
-0.6695873999924179
-0.6140914526020229
-0.4801949859033318
-0.47893316055561974
-0.5440699056901258
-0.6991409257600243
-0.4903767752048726
-0.5211055529424996
-0.4596718982828395
-0.48723103397175704
-0.4596718982828395
-0.4633526400253088
-0.5892800696682952
-0.6017588179624521
-0.46387667143753736
-0.5682464650185578
-0.579356601946307
-0.4473312534011537
-0.5343656563264927
-0.5594388161486826
-0.5487422478437353
-0.4366924502954633
-0.5892800696682952
-0.5211055529424996
-0.5219405060016057
-0.4366924502954633
-0.5194119397679112
-0.5626058166483495
-0.5376815561499356
-0.553767957158212
-0.47893316055561974
-0.533000881082907
-0.6855558930992433
-0.5373668750410955
-0.6487504064905699
-0.5834919795776408
-0.6563740255045593
-0.5473707172872865
-0.5895199809409598
-0.6563740255045593
-0.6647021514227858
-0.778538420803912
-0.4277563614743336
-0.43950973986753494
-0.43950973986753494
-0.43950973986753494
-0.4983990038659949
-0.43950973986753494
-0.4165778371719464
-0.43950973986753494
-0.43950973986753494
-0.4165778371719464
-0.43950973986753494
-0.4983990038659949
-0.43950973986753494
-0.6061721423319029
-0.43172343050567397
-0.43950973986753494
-0.43950973986753494
-0.5385737436045357
-0.43950973986753494
-0.4211993196740922
-0.43950973986753494
-0.4165778371719464
-0.43950973986753494
-0.43950973986753494
-0.43950973986753494
-0.4165778371719464
-0.43950973986753494
-0.43950973986753494
-0.4165778371719464
-0.4211993196740922
-0.43950973986753494
-0.43950973986753494
-0.5272357133199647
-0.5272357133199647
-0.4277563614743336
-0.43950973986753494
-0.43172343050567397
-0.43950973986753494
-0.6562580568113224
-0.43950973986753494
-0.43950973986753494
-0.4211993196740922
-0.43950973986753494
-0.4983990038659949
-0.43950973986753494
-0.43950973986753494
-0.6433034673492788
-0.5272357133199647
-0.5272357133199647
-0.4277563614743336
-0.4165778371719464
-0.43950973986753494
-0.4165778371719464
-0.43172343050567397
-0.3834566135616595
-0.3834566135616595
-0.4165778371719464
-0.4165778371719464
-0.4165778371719464
-0.4165778371719464
-0.43950973986753494
-0.4165778371719464
-0.43172343050567397
-0.4277563614743336
-0.43172343050567397
-0.4762246531479566
-0.41269451347681757
-0.43950973986753494
-0.3682012302680798
-0.7300326538745323
-0.6163951711041009
-0.43172343050567397
-0.43172343050567397
-0.43172343050567397
-0.43172343050567397
-0.43172343050567397
-0.4211993196740922
-0.43172343050567397
-0.4165778371719464
-0.43950973986753494
-0.4211993196740922
-0.4165778371719464
-0.43172343050567397
-0.43950973986753494
-0.4277563614743336
-0.43172343050567397
-0.4165778371719464
-0.4211993196740922
-0.45425036165437455
-0.4165778371719464
-0.4211993196740922
-0.4165778371719464
-0.4211993196740922
-0.4762246531479566
-0.37529274644381716
-0.4277563614743336
-0.4211993196740922
-0.46009546007471874
-0.45425036165437455
-0.4211993196740922
-0.43172343050567397
-0.4165778371719464
-0.37105776052494643
-0.4277563614743336
-0.4277563614743336
-0.5272357133199647
-0.4211993196740922
-0.4277563614743336
-0.42255004003478674
-0.43172343050567397
-0.4211993196740922
-0.43172343050567397
-0.4211993196740922
-0.6536610063837397
-0.5272357133199647
-0.498732829979106
-0.6045353217074315
-0.43950973986753494
-0.43172343050567397
-0.4762246531479566
-0.644116703603816
-0.4211993196740922
-0.4983990038659949
-0.4165778371719464
-0.4211993196740922
-0.4165778371719464
-0.4211993196740922
-0.7088800189510963
-0.4165778371719464
-0.5007126006840277
-0.4211993196740922
-0.4983990038659949
-0.4211993196740922
-0.43503317179084855
-0.4211993196740922
-0.4211993196740922
-0.3922211200010868
-0.6234891217161647
-0.4644412808624533
-0.6744395776159576
-0.3795428455045432
-0.4762246531479566
-0.43172343050567397
-0.43172343050567397
-0.4154418184825146
-0.39395381166561394
-0.3682012302680798
-0.43021946446905446
-0.4357860021981494
-0.4211993196740922
-0.43172343050567397
-0.4211993196740922
-0.49308360193288525
-0.4108345113906447
-0.5903090919306769
-0.4165778371719464
-0.4211993196740922
-0.521254373313781
-0.6109036344128321
-0.4211993196740922
-0.43103550564118737
-0.37105776052494643
-0.5360963035267963
-0.4277563614743336
-0.41605654458637653
-0.43172343050567397
-0.4211993196740922
-0.43172343050567397
-0.4165778371719464
-0.4338074349427017
-0.47838209675867654
-0.43172343050567397
-0.39910731593884846
-0.4165778371719464
-0.4165778371719464
-0.4211993196740922
-0.43172343050567397
-0.43172343050567397
-0.43172343050567397
-0.4672424895912473
-0.43950973986753494
-0.43172343050567397
-0.5272357133199647
-0.4211993196740922
-0.4974381991222182
-0.4559943066642377
-0.43172343050567397
-0.43172343050567397
-0.43172343050567397
-0.4165778371719464
-0.4165778371719464
-0.4165778371719464
-0.4211993196740922
-0.43172343050567397
-0.4211993196740922
-0.4179784548618032
-0.4211993196740922
-0.4211993196740922
-0.43950973986753494
-0.4165778371719464
-0.43172343050567397
-0.4165778371719464
-0.4179784548618032
-0.4277563614743336
-0.43172343050567397
-0.43172343050567397
-0.43172343050567397
-0.43172343050567397
-0.43172343050567397
-0.4165778371719464
-0.43172343050567397
-0.4559943066642377
-0.5926659703733977
-0.4165778371719464
-0.43172343050567397
-0.42477849078114
-0.4211993196740922
-0.43172343050567397
-0.4644412808624533
-0.4211993196740922
-0.3795428455045432
-0.4165778371719464
-0.4165778371719464
-0.4165778371719464
-0.5041688486109582
-0.6490599938135648
-0.583049114553195
-0.5307674151405878
-0.39395381166561394
-0.5436912451353249
-0.4165778371719464
-0.43950973986753494
-0.4165778371719464
-0.4165778371719464
-0.3874692995446995
-0.4165778371719464
-0.645783607514362
-0.4165778371719464
-0.43172343050567397
-0.45425036165437455
-0.43172343050567397
-0.4165778371719464
-0.43950973986753494
-0.4211993196740922
-0.4165778371719464
-0.4165778371719464
-0.4165778371719464
-0.6428370161607028
-0.4983990038659949
-0.4209681334141719
-0.35715636641473414
-0.4165778371719464
-0.43172343050567397
-0.43172343050567397
-0.4165778371719464
-0.43172343050567397
-0.4165778371719464
-0.4211993196740922
-0.43172343050567397
-0.43172343050567397
-0.43172343050567397
-0.43172343050567397
-0.5579979723379629
-0.4211993196740922
-0.43172343050567397
-0.4165778371719464
-0.4277563614743336
-0.43172343050567397
-0.4165778371719464
-0.4165778371719464
-0.4277563614743336
-0.43172343050567397
-0.4165778371719464
-0.6562606501115584
-0.4277563614743336
-0.43950973986753494
-0.41466046547601554
-0.43172343050567397
-0.4165778371719464
-0.6231848382301495
-0.471080814200528
-0.43172343050567397
-0.3922211200010868
-0.43172343050567397
-0.4277563614743336
-0.4211993196740922
-0.37105776052494643
-0.37105776052494643
-0.40517196761161073
-0.5583409947370029
-0.37529274644381716
-0.37105776052494643
-0.41466046547601554
-0.5484406648507485
-0.4277563614743336
-0.43172343050567397
-0.3735045093443349
-0.37939048991462826
-0.3795428455045432
-0.3795428455045432
-0.4403474419175162
-0.43021946446905446
-0.43021946446905446
-0.498732829979106
-0.471080814200528
-0.6323133780724994
-0.4983990038659949
-0.5875789075518777
-0.6064886450955664
-0.6215870532132695
-0.43950973986753494
-0.4211993196740922
-0.4211993196740922
-0.6019916391301205
-0.4277563614743336
-0.5272357133199647
-0.6898373236737602
-0.43021946446905446
-0.5272357133199647
-0.4277563614743336
-0.5272357133199647
-0.4211993196740922
-0.4165778371719464
-0.43172343050567397
-0.4586966214086568
-0.3795428455045432
-0.4165778371719464
-0.43172343050567397
-0.43172343050567397
-0.43172343050567397
-0.43172343050567397
-0.4165778371719464
-0.4357860021981494
-0.5579979723379629
-0.6060784419626095
-0.4165778371719464
-0.6378439045250966
-0.43172343050567397
-0.5272357133199647
-0.4165778371719464
-0.43172343050567397
-0.48231964402255484
-0.6215870532132695
-0.6064886450955664
-0.4165778371719464
-0.43172343050567397
-0.4165778371719464
-0.4165778371719464
-0.4165778371719464
-0.43950973986753494
-0.4983990038659949
-0.4983990038659949
-0.4983990038659949
-0.4983990038659949
-0.4983990038659949
-0.4983990038659949
-0.4983990038659949
-0.4983990038659949
-0.43172343050567397
-0.43172343050567397
-0.4277563614743336
-0.4983990038659949
-0.4983990038659949
-0.4983990038659949
-0.4983990038659949
-0.43172343050567397
-0.43950973986753494
-0.4277563614743336
-0.43172343050567397
-0.43950973986753494
-0.43950973986753494
-0.4165778371719464
-0.4242910621685984
-0.4983990038659949
-0.41605654458637653
-0.43172343050567397
-0.43172343050567397
-0.5272357133199647
-0.43950973986753494
-0.668784767246338
-0.43172343050567397
-0.43172343050567397
-0.35715636641473414
-0.43950973986753494
-0.43172343050567397
-0.4165778371719464
-0.43172343050567397
-0.3635399941090448
-0.6580930111963068
-0.4983990038659949
-0.43172343050567397
-0.43172343050567397
-0.43172343050567397
-0.4983990038659949
-0.43172343050567397
-0.43172343050567397
-0.43172343050567397
-0.43172343050567397
-0.43172343050567397
-0.3795428455045432
-0.4165778371719464
-0.4983990038659949
-0.4277563614743336
-0.43950973986753494
-0.4165778371719464
-0.4983990038659949
-0.35715636641473414
-0.4357860021981494
-0.589357996471798
-0.43950973986753494
-0.43950973986753494
-0.43950973986753494
-0.43950973986753494
-0.43950973986753494
-0.43950973986753494
-0.4211993196740922
-0.43172343050567397
-0.43950973986753494
-0.43172343050567397
-0.43950973986753494
-0.43950973986753494
-0.43172343050567397
-0.43172343050567397
-0.4165778371719464
-0.43172343050567397
-0.5849386626894307
-0.5801336754568595
-0.6599899480347737
-0.6089523596180466
-0.6132712859412276
-0.5893315371552955
-0.6310924124613521
-0.5684594547231142
-0.6236009340176858
-0.6454617165139753
-0.6245475988311112
-0.5150221620615492
-0.655937242680406
