-0.6804807215972604
-0.6696506318132753
-0.6067285547234752
-0.661302641971837
-0.6696506318132753
-0.6446947135540624
-0.6446947135540624
-0.6729983958879003
-0.674847017527277
-0.6748235444171979
-0.6785817905431442
-0.6696506318132753
-0.6729983958879003
-0.6705138825176375
-0.6446947135540624
-0.6705138825176375
-0.6446947135540624
-0.711994194048223
-0.6446947135540624
-0.661302641971837
-0.6336884996874017
-0.661302641971837
-0.6446947135540624
-0.6839260475800603
-0.674847017527277
-0.6507800286294427
-0.6462105185645463
-0.6276442636334562
-0.6729983958879003
-0.6729983958879003
-0.6220581680468804
-0.6446947135540624
-0.6446947135540624
-0.661302641971837
-0.6930753977455755
-0.6446947135540624
-0.6446947135540624
-0.6446947135540624
-0.661302641971837
-0.6446947135540624
-0.6446947135540624
-0.6446947135540624
-0.6247854583046839
-0.6571808982927785
-0.661302641971837
-0.6705138825176375
-0.6543164924993926
-0.6766650259309731
-0.6429217947982167
-0.6462105185645463
-0.693187086366905
-0.6197971589080303
-0.6705138825176375
-0.674847017527277
-0.6839260475800603
-0.6543164924993926
-0.6247854583046839
-0.6839260475800603
-0.6258566220133649
-0.6446947135540624
-0.6543164924993926
-0.693187086366905
-0.6507800286294427
-0.6722197476939571
-0.6519959890096452
-0.6313954777862175
-0.6446947135540624
-0.674847017527277
-0.6674873562038754
-0.6755442716611884
-0.6446947135540624
-0.6876022693353206
-0.6446947135540624
-0.6833887317131372
-0.6930753977455755
-0.6510099262831983
-0.6510099262831983
-0.6766650259309731
-0.6785817905431442
-0.6785817905431442
-0.6828351509769142
-0.6731369615878549
-0.6731369615878549
-0.6804807215972604
-0.6729983958879003
-0.6696506318132753
-0.6731369615878549
-0.679100910581154
-0.6804807215972604
-0.6804807215972604
-0.6804807215972604
-0.6696506318132753
-0.6729983958879003
-0.6143515605681035
-0.6836943714099026
-0.6446947135540624
-0.6143515605681035
-0.6143515605681035
-0.6705138825176375
-0.6354847920927349
-0.6766650259309731
-0.6833887317131372
-0.6543164924993926
-0.6543164924993926
-0.6507800286294427
-0.693187086366905
-0.645333713417808
-0.6925828247814652
-0.674847017527277
-0.6705138825176375
-0.6336884996874017
-0.693187086366905
-0.6705138825176375
-0.6882183609421111
-0.674847017527277
-0.6247854583046839
-0.6705138825176375
-0.661302641971837
-0.6674873562038754
-0.674847017527277
-0.6930753977455755
-0.661302641971837
-0.6313954777862175
-0.6839260475800603
-0.6336884996874017
-0.6836943714099026
-0.674847017527277
-0.6336884996874017
-0.6705138825176375
-0.693187086366905
-0.6766650259309731
-0.6705138825176375
-0.6705138825176375
-0.6402147468434627
-0.6160515183438879
-0.6725750729007747
-0.6484567132212049
-0.6446947135540624
-0.6336884996874017
-0.6247854583046839
-0.6519959890096452
-0.6705138825176375
-0.6705138825176375
-0.6705138825176375
-0.6510099262831983
-0.67786716003675
-0.6105616583690663
-0.6766650259309731
-0.6705138825176375
-0.6836943714099026
-0.6839260475800603
-0.6705138825176375
-0.6925828247814652
-0.661302641971837
-0.6640450334795466
-0.6446947135540624
-0.661302641971837
-0.6247854583046839
-0.6519959890096452
-0.6197971589080303
-0.693187086366905
-0.6755442716611884
-0.6571808982927785
-0.6755442716611884
-0.6446947135540624
-0.6697952477392649
-0.6367598666375335
-0.6507800286294427
-0.6839260475800603
-0.6820569006726188
-0.6882183609421111
-0.6839260475800603
-0.6336884996874017
-0.6705138825176375
-0.6446947135540624
-0.6836943714099026
-0.6571808982927785
-0.5827947371890676
-0.674847017527277
-0.6462105185645463
-0.674847017527277
-0.661302641971837
-0.645333713417808
-0.6286577457497776
-0.6691071425192461
-0.6766650259309731
-0.6336884996874017
-0.6705138825176375
-0.6705138825176375
-0.6313954777862175
-0.6336884996874017
-0.6705138825176375
-0.6446947135540624
-0.6766650259309731
-0.6625382925289063
-0.7095896359286901
-0.6336884996874017
-0.6462105185645463
-0.6725750729007747
-0.6510099262831983
-0.6336884996874017
-0.661302641971837
-0.6143515605681035
-0.674847017527277
-0.6705138825176375
-0.6705138825176375
-0.693187086366905
-0.6874853869993927
-0.6705138825176375
-0.7242408293340854
-0.6930753977455755
-0.6336884996874017
-0.6247854583046839
-0.6510099262831983
-0.706855167943761
-0.661302641971837
-0.671648850469908
-0.6705138825176375
-0.661302641971837
-0.6839260475800603
-0.6247854583046839
-0.6766650259309731
-0.6705138825176375
-0.6313954777862175
-0.6507800286294427
-0.6705138825176375
-0.674847017527277
-0.674847017527277
-0.5701955950509158
-0.661302641971837
-0.6705138825176375
-0.6725750729007747
-0.693187086366905
-0.6167230439967929
-0.661302641971837
-0.6705138825176375
-0.6705138825176375
-0.6913829261415356
-0.693187086366905
-0.6839260475800603
-0.661302641971837
-0.661302641971837
-0.6836943714099026
-0.6429217947982167
-0.6462105185645463
-0.6446947135540624
-0.6766650259309731
-0.6446947135540624
-0.674847017527277
-0.661302641971837
-0.6462105185645463
-0.6755442716611884
-0.62769452453582
-0.6927388049714688
-0.645333713417808
-0.6836943714099026
-0.6519959890096452
-0.661302641971837
-0.6930753977455755
-0.661302641971837
-0.6510099262831983
-0.7286643867037674
-0.5836021633220114
-0.6462105185645463
-0.6705138825176375
-0.6705138825176375
-0.661302641971837
-0.6354847920927349
-0.6538277244407741
-0.674847017527277
-0.6446947135540624
-0.6313954777862175
-0.6313954777862175
-0.6874677842795508
-0.6446947135540624
-0.6336884996874017
-0.6839260475800603
-0.6446947135540624
-0.6839260475800603
-0.672720455024866
-0.6313954777862175
-0.6446947135540624
-0.6336884996874017
-0.6705138825176375
-0.6510099262831983
-0.6143515605681035
-0.6930753977455755
-0.674847017527277
-0.693187086366905
-0.706855167943761
-0.6507800286294427
-0.661302641971837
-0.6446947135540624
-0.6446947135540624
-0.6705138825176375
-0.674847017527277
-0.6462105185645463
-0.674847017527277
-0.594926676412528
-0.6583285095867676
-0.6571808982927785
-0.6874853869993927
-0.711994194048223
-0.6705138825176375
-0.674847017527277
-0.6766650259309731
-0.6143515605681035
-0.6446947135540624
-0.661302641971837
-0.6839260475800603
-0.6543164924993926
-0.6705138825176375
-0.622490542743326
-0.5977177481257567
-0.6376824316269286
-0.6526712874361392
-0.651691771968082
-0.6632323679782975
-0.6693678496308579
-0.5546983352435476
-0.6283842642818144
-0.562081998987792
-0.6627476432371447
-0.6070870719589639
-0.6331995175530419
-0.5393790549402664
-0.5686571140277586
-0.6785817905431442
-0.6804807215972604
-0.6696506318132753
-0.6804807215972604
-0.6731369615878549
-0.6729983958879003
-0.6729983958879003
-0.6804807215972604
-0.6696506318132753
-0.6731369615878549
-0.6804807215972604
-0.6731369615878549
-0.659814345460293
-0.6729983958879003
-0.6696506318132753
-0.6729983958879003
-0.6804807215972604
-0.6804807215972604
-0.6509540316420337
-0.6731369615878549
-0.6785817905431442
-0.6804807215972604
-0.6729983958879003
-0.6729983958879003
-0.645333713417808
-0.5480209929949686
-0.6729983958879003
-0.6804807215972604
-0.6804807215972604
-0.6544952333388412
-0.6729983958879003
-0.6804807215972604
-0.6729983958879003
-0.6804807215972604
-0.6592999794635759
-0.687395550337641
-0.7121814828998801
-0.6731369615878549
-0.6977572950491471
-0.6878839318008217
-0.6731369615878549
-0.6696506318132753
-0.6729983958879003
-0.6729983958879003
-0.6729983958879003
-0.6729983958879003
-0.6729983958879003
-0.6785817905431442
-0.6731369615878549
-0.6696506318132753
-0.6528605556818321
-0.6878839318008217
-0.695277809079484
-0.6878839318008217
-0.6804807215972604
-0.6804807215972604
-0.6804807215972604
-0.6785817905431442
-0.6785817905431442
-0.6696506318132753
-0.6804807215972604
-0.6785817905431442
-0.6785817905431442
-0.6804807215972604
-0.6878839318008217
-0.6662650291875412
-0.6882183609421111
-0.6766650259309731
-0.6446947135540624
-0.6930753977455755
-0.6446947135540624
-0.6336884996874017
-0.6446947135540624
-0.5629697594461888
-0.671648850469908
-0.6705138825176375
-0.6446947135540624
-0.6571808982927785
-0.6705138825176375
-0.6833426891187446
-0.6705138825176375
-0.6050947243963947
-0.671648850469908
-0.6705138825176375
-0.6872336294499255
-0.6836943714099026
-0.6067285547234752
-0.693187086366905
-0.6766650259309731
-0.6286577457497776
-0.6462105185645463
-0.6446947135540624
-0.674847017527277
-0.6930753977455755
-0.6705138825176375
-0.6336884996874017
-0.6507800286294427
-0.6598329821986795
-0.645333713417808
-0.6836943714099026
-0.6241449915217163
-0.693187086366905
-0.6876022693353206
-0.6446947135540624
-0.674847017527277
-0.6705138825176375
-0.6446947135540624
-0.6113616283731029
-0.6446947135540624
-0.661302641971837
-0.6446947135540624
-0.6705138825176375
-0.6925129940691412
-0.645333713417808
-0.6313954777862175
-0.674847017527277
-0.706855167943761
-0.6674873562038754
-0.661302641971837
-0.6705138825176375
-0.6705138825176375
-0.6755442716611884
-0.661302641971837
-0.645333713417808
-0.661302641971837
-0.62769452453582
-0.6528605556818321
-0.671648850469908
-0.6446947135540624
-0.693187086366905
-0.6411385696089449
-0.6982303910223415
-0.7095896359286901
-0.6755442716611884
-0.6560549047607569
-0.6336884996874017
-0.6839260475800603
-0.6507800286294427
-0.6519959890096452
-0.6143515605681035
-0.6705138825176375
-0.6705138825176375
-0.6839260475800603
-0.6543164924993926
-0.6446947135540624
-0.6143515605681035
-0.6446947135540624
-0.62769452453582
-0.6705138825176375
-0.6836943714099026
-0.7121814828998801
-0.674847017527277
-0.6836943714099026
-0.6930753977455755
-0.674847017527277
-0.6766650259309731
-0.6705138825176375
-0.6571808982927785
-0.6519959890096452
-0.674847017527277
-0.6766650259309731
-0.6766650259309731
-0.6874677842795508
-0.6543164924993926
-0.6766650259309731
-0.6478643372306021
-0.5953071880059335
-0.6766650259309731
-0.6697952477392649
-0.6674873562038754
-0.7242408293340854
-0.6313954777862175
-0.6462105185645463
-0.6705138825176375
-0.6507800286294427
-0.6705138825176375
-0.6839260475800603
-0.6247854583046839
-0.661302641971837
-0.693187086366905
-0.6836943714099026
-0.6705138825176375
-0.661302641971837
-0.6336884996874017
-0.6507800286294427
-0.6836943714099026
-0.6336884996874017
-0.6514523193412212
-0.6766650259309731
-0.674847017527277
-0.6336884996874017
-0.6705138825176375
-0.6446947135540624
-0.6801597838193499
-0.7286643867037674
-0.693187086366905
-0.6367598666375335
-0.693187086366905
-0.6930753977455755
-0.6766650259309731
-0.6801597838193499
-0.661302641971837
-0.6519959890096452
-0.6705138825176375
-0.6446947135540624
-0.6247854583046839
-0.6247854583046839
-0.6836943714099026
-0.6705138825176375
-0.6836943714099026
-0.6705138825176375
-0.6336884996874017
-0.6839260475800603
-0.674847017527277
-0.6241449915217163
-0.6930753977455755
-0.6705138825176375
-0.6446947135540624
-0.6510099262831983
-0.6224743818397482
-0.693187086366905
-0.661302641971837
-0.6625382925289063
-0.6705138825176375
-0.6510099262831983
-0.6510099262831983
-0.6874677842795508
-0.6874853869993927
-0.711994194048223
-0.5356310566332992
-0.674847017527277
-0.6247854583046839
-0.6571808982927785
-0.6313954777862175
-0.706855167943761
-0.6836943714099026
-0.6257482239580405
-0.6777098251871565
-0.515126525870225
-0.6836943714099026
-0.6705138825176375
-0.6725750729007747
-0.6705138825176375
-0.693187086366905
-0.674847017527277
-0.6313954777862175
-0.6766650259309731
-0.693187086366905
-0.6839260475800603
-0.6507800286294427
-0.6519959890096452
-0.7286643867037674
-0.661302641971837
-0.6748235444171979
-0.693187086366905
-0.6446947135540624
-0.6197971589080303
-0.6462105185645463
-0.6286577457497776
-0.6239416249238754
-0.6239416249238754
-0.6446947135540624
-0.6446947135540624
-0.603870629135792
-0.6766650259309731
-0.6874677842795508
-0.6528605556818321
-0.6836943714099026
-0.6874853869993927
-0.6766650259309731
-0.62769452453582
-0.6446947135540624
-0.6514523193412212
-0.6519959890096452
-0.5960448224234146
-0.5664283796600106
-0.6247854583046839
-0.6801597838193499
-0.6766650259309731
-0.6522399853491551
-0.6839260475800603
-0.6462105185645463
-0.6836943714099026
-0.6286577457497776
-0.645333713417808
-0.62769452453582
-0.6224743818397482
-0.6674873562038754
-0.6872336294499255
-0.671648850469908
-0.6766650259309731
-0.6336884996874017
-0.6099182871045746
-0.674847017527277
-0.6674873562038754
-0.660830914955572
-0.6591999757338818
-0.6930753977455755
-0.6519959890096452
-0.6766650259309731
-0.661302641971837
-0.6839260475800603
-0.6766650259309731
-0.6839260475800603
-0.6705138825176375
-0.674847017527277
-0.6839260475800603
-0.6674873562038754
-0.6925828247814652
-0.661302641971837
-0.6510099262831983
-0.6697952477392649
-0.6766650259309731
-0.6519959890096452
-0.6766650259309731
-0.6839260475800603
-0.6766650259309731
-0.6336884996874017
-0.6755442716611884
-0.6519959890096452
-0.6336884996874017
-0.6446947135540624
-0.6446947135540624
-0.6446947135540624
-0.661302641971837
-0.674847017527277
-0.6446947135540624
-0.6836943714099026
-0.7247310065729361
-0.693187086366905
-0.693187086366905
-0.6446947135540624
-0.6446947135540624
-0.6571808982927785
-0.693187086366905
-0.6872336294499255
-0.6446947135540624
-0.6446947135540624
-0.6446947135540624
-0.6705138825176375
-0.660830914955572
-0.6705138825176375
-0.6446947135540624
-0.6836943714099026
-0.661302641971837
-0.6766650259309731
-0.6725750729007747
-0.674847017527277
-0.661302641971837
-0.7124760825775359
-0.6839260475800603
-0.661302641971837
-0.6874853869993927
-0.6725750729007747
-0.693187086366905
-0.6674873562038754
-0.6446947135540624
-0.645333713417808
-0.645333713417808
-0.6446947135540624
-0.6766650259309731
-0.671648850469908
-0.6522399853491551
-0.6766650259309731
-0.6197971589080303
-0.6197971589080303
-0.6705138825176375
-0.6874677842795508
-0.6572494691272548
-0.6766650259309731
-0.6446947135540624
-0.660830914955572
-0.6313954777862175
-0.6143515605681035
-0.6462105185645463
-0.6313954777862175
-0.5580127431246565
-0.6313954777862175
-0.6247854583046839
-0.6839260475800603
-0.674847017527277
-0.6766650259309731
-0.661302641971837
-0.6514523193412212
-0.6050947243963947
-0.6519959890096452
-0.6543164924993926
-0.6538277244407741
-0.6543164924993926
-0.6143515605681035
-0.674847017527277
-0.661302641971837
-0.6462105185645463
-0.693187086366905
-0.661302641971837
-0.674847017527277
-0.6446947135540624
-0.6446947135540624
-0.6725750729007747
-0.674847017527277
-0.6446947135540624
-0.645333713417808
-0.645333713417808
-0.661302641971837
-0.6336884996874017
-0.6519959890096452
-0.6336884996874017
-0.693187086366905
-0.661302641971837
-0.6836943714099026
-0.6674873562038754
-0.6705138825176375
-0.6754380503204429
-0.6446947135540624
-0.6836943714099026
-0.6836943714099026
-0.6836943714099026
-0.6509582249072134
-0.6496694619440808
-0.6160515183438879
-0.6766650259309731
-0.661302641971837
-0.6766650259309731
-0.6836943714099026
-0.661302641971837
-0.7242408293340854
-0.6446947135540624
-0.6705138825176375
-0.6446947135540624
-0.6577693684551568
-0.674847017527277
-0.6874677842795508
-0.6876022693353206
-0.6247854583046839
-0.674847017527277
-0.6725750729007747
-0.674847017527277
-0.6446947135540624
-0.6446947135540624
-0.6836943714099026
-0.6446947135540624
-0.6544952333388412
-0.6143515605681035
-0.579979034887196
-0.6705138825176375
-0.661302641971837
-0.645333713417808
-0.661302641971837
-0.6446947135540624
-0.6712030994602649
-0.6766650259309731
-0.674847017527277
-0.671648850469908
-0.6697952477392649
-0.661302641971837
-0.661302641971837
-0.6446947135540624
-0.6705138825176375
-0.6925129940691412
-0.6668777004259381
-0.6507800286294427
-0.6446947135540624
-0.6336884996874017
-0.6543164924993926
-0.6616502501329187
-0.661302641971837
-0.661302641971837
-0.674847017527277
-0.6705138825176375
-0.6446947135540624
-0.6367598666375335
-0.6367598666375335
-0.645333713417808
-0.6507800286294427
-0.6507800286294427
-0.6746966659963994
-0.7276790448183077
-0.693187086366905
-0.6446947135540624
-0.6766650259309731
-0.64913701681186
-0.6313954777862175
-0.6313954777862175
-0.6247854583046839
-0.6705138825176375
-0.6674873562038754
-0.6930753977455755
-0.6705138825176375
-0.6745409240599417
-0.6705138825176375
-0.661302641971837
-0.6836943714099026
-0.6313954777862175
-0.661302641971837
-0.661302641971837
-0.6519959890096452
-0.6519959890096452
-0.6839260475800603
-0.6930753977455755
-0.671648850469908
-0.6837682037118552
-0.693187086366905
-0.6336884996874017
-0.6705138825176375
-0.6367598666375335
-0.6873091457610592
-0.693187086366905
-0.6507800286294427
-0.6446947135540624
-0.6697952477392649
-0.6446947135540624
-0.6930753977455755
-0.661302641971837
-0.661302641971837
-0.6705138825176375
-0.6674873562038754
-0.661302641971837
-0.661302641971837
-0.6705138825176375
-0.711994194048223
-0.6874677842795508
-0.6507800286294427
-0.6766650259309731
-0.661302641971837
-0.661302641971837
-0.6510099262831983
-0.6510099262831983
-0.6927295229817251
-0.6528605556818321
-0.6143515605681035
-0.693187086366905
-0.6705138825176375
-0.674847017527277
-0.661302641971837
-0.661302641971837
-0.6766650259309731
-0.674847017527277
-0.6446947135540624
-0.6705138825176375
-0.6519959890096452
-0.674847017527277
-0.6705138825176375
-0.5942380577875649
-0.6705138825176375
-0.6462105185645463
-0.7194294581964236
-0.671648850469908
-0.6446947135540624
-0.6446947135540624
-0.6143515605681035
-0.62769452453582
-0.6836943714099026
-0.672720455024866
-0.661302641971837
-0.5926007373221736
-0.5747811558752909
-0.6839260475800603
-0.6519959890096452
-0.6446947135540624
-0.5483765081024431
-0.6462105185645463
-0.6705138825176375
-0.693187086366905
-0.6507800286294427
-0.6930753977455755
-0.6766650259309731
-0.6510099262831983
-0.6836943714099026
-0.661302641971837
-0.7124760825775359
-0.6446947135540624
-0.6836943714099026
-0.6446947135540624
-0.6313954777862175
-0.6354847920927349
-0.6754639435169644
-0.6839260475800603
-0.6336884996874017
-0.672275913071661
-0.674847017527277
-0.6839260475800603
-0.6286577457497776
-0.661302641971837
-0.6930753977455755
-0.6705138825176375
-0.6446947135540624
-0.6143515605681035
-0.6247854583046839
-0.6925828247814652
-0.6446947135540624
-0.6754639435169644
-0.671648850469908
-0.672720455024866
-0.674847017527277
-0.6518491000846789
-0.6336884996874017
-0.6519959890096452
-0.672275913071661
-0.6836943714099026
-0.6930753977455755
-0.62769452453582
-0.693187086366905
-0.6839260475800603
-0.6067285547234752
-0.6766650259309731
-0.645333713417808
-0.6766650259309731
-0.6872336294499255
-0.693187086366905
-0.6146681765170947
-0.5960448224234146
-0.6507800286294427
-0.6507800286294427
-0.6446947135540624
-0.674847017527277
-0.6725750729007747
-0.6448900073866923
-0.693187086366905
-0.693187086366905
-0.6766650259309731
-0.693187086366905
-0.693187086366905
-0.674847017527277
-0.6603764927888192
-0.6925828247814652
-0.6446947135540624
-0.674847017527277
-0.6766650259309731
-0.6446947135540624
-0.6512323287707694
-0.6755442716611884
-0.6839260475800603
-0.6771208897392397
-0.6446947135540624
-0.6705138825176375
-0.6367598666375335
-0.6754380503204429
-0.716531383540154
-0.674847017527277
-0.573461824832151
-0.6874677842795508
-0.6247854583046839
-0.6766650259309731
-0.661302641971837
-0.6313954777862175
-0.6367598666375335
-0.6674873562038754
-0.6839260475800603
-0.6766650259309731
-0.6446947135540624
-0.6446947135540624
-0.6705138825176375
-0.693187086366905
-0.6540426418076297
-0.6446947135540624
-0.6197971589080303
-0.6766650259309731
-0.6705138825176375
-0.6446947135540624
-0.674847017527277
-0.661302641971837
-0.6247854583046839
-0.6560549047607569
-0.6530268864655506
-0.6446947135540624
-0.6674873562038754
-0.6766650259309731
-0.6836943714099026
-0.6705138825176375
-0.6446947135540624
-0.6754639435169644
-0.6674873562038754
-0.6836943714099026
-0.6519959890096452
-0.6519959890096452
-0.6597692104737936
-0.5664283796600106
-0.661302641971837
-0.6286577457497776
-0.674847017527277
-0.661302641971837
-0.6839260475800603
-0.5675789290466555
-0.6874677842795508
-0.693187086366905
-0.6247854583046839
-0.6491646023323489
-0.6538277244407741
-0.6609743884389229
-0.6543164924993926
-0.6705138825176375
-0.6543164924993926
-0.6286577457497776
-0.711994194048223
-0.6755442716611884
-0.6446947135540624
-0.674847017527277
-0.6705138825176375
-0.6336884996874017
-0.674847017527277
-0.6446947135540624
-0.6674873562038754
-0.6705138825176375
-0.6247854583046839
-0.6836943714099026
-0.6836943714099026
-0.6766650259309731
-0.6336884996874017
-0.6510099262831983
-0.6247854583046839
-0.6519959890096452
-0.5762522141219143
-0.6766650259309731
-0.6446947135540624
-0.671648850469908
-0.693187086366905
-0.6446947135540624
-0.661302641971837
-0.6336884996874017
-0.6705138825176375
-0.6925129940691412
-0.6705138825176375
-0.6560549047607569
-0.693187086366905
-0.6571808982927785
-0.6462105185645463
-0.674847017527277
-0.674847017527277
-0.6543164924993926
-0.6446947135540624
-0.679308144667352
-0.7124760825775359
-0.693187086366905
-0.6705138825176375
-0.62769452453582
-0.661302641971837
-0.6514523193412212
-0.6050947243963947
-0.6331355753843031
-0.6270089914340853
-0.5822808004186896
-0.6446947135540624
-0.693187086366905
-0.6874853869993927
-0.674847017527277
-0.6143515605681035
-0.6766650259309731
-0.6247854583046839
-0.6247854583046839
-0.559956478475909
-0.6766650259309731
-0.5451453842597064
-0.6286577457497776
-0.6930753977455755
-0.6507800286294427
-0.6705138825176375
-0.6766650259309731
-0.6571808982927785
-0.661302641971837
-0.6462105185645463
-0.6755442716611884
-0.6705138825176375
-0.6722197476939571
-0.6674873562038754
-0.6674873562038754
-0.661302641971837
-0.7095896359286901
-0.6674873562038754
-0.661302641971837
-0.661302641971837
-0.7247310065729361
-0.645333713417808
-0.661302641971837
-0.6247854583046839
-0.6874677842795508
-0.674847017527277
-0.6839260475800603
-0.6725750729007747
-0.6930753977455755
-0.6354847920927349
-0.6836943714099026
-0.661302641971837
-0.6143515605681035
-0.6705138825176375
-0.671648850469908
-0.671648850469908
-0.6625382925289063
-0.706855167943761
-0.7276790448183077
-0.6754380503204429
-0.5367681696918613
-0.6543164924993926
-0.6654395073148821
-0.674847017527277
-0.661302641971837
-0.62769452453582
-0.6462105185645463
-0.6446947135540624
-0.6462105185645463
-0.6705138825176375
-0.661302641971837
-0.693187086366905
-0.6543164924993926
-0.6705138825176375
-0.6462105185645463
-0.674847017527277
-0.671648850469908
-0.6247854583046839
-0.6755442716611884
-0.6616502501329187
-0.6143515605681035
-0.706855167943761
-0.6839260475800603
-0.6755442716611884
-0.6705138825176375
-0.6874853869993927
-0.6336884996874017
-0.6247854583046839
-0.6313954777862175
-0.6544952333388412
-0.6544952333388412
-0.711994194048223
-0.6446947135540624
-0.7286643867037674
-0.6571808982927785
-0.6705138825176375
-0.6446947135540624
-0.716531383540154
-0.6510099262831983
-0.6474537452277854
-0.6313954777862175
-0.661302641971837
-0.6446947135540624
-0.6839260475800603
-0.6874677842795508
-0.6839260475800603
-0.661302641971837
-0.6462105185645463
-0.693187086366905
-0.6446947135540624
-0.6839260475800603
-0.6766650259309731
-0.6766650259309731
-0.645333713417808
-0.661302641971837
-0.7124760825775359
-0.6336884996874017
-0.661302641971837
-0.674847017527277
-0.6543164924993926
-0.6247854583046839
-0.6313954777862175
-0.6313954777862175
-0.6462105185645463
-0.661302641971837
-0.6197971589080303
-0.645333713417808
-0.6705138825176375
-0.6336884996874017
-0.6446947135540624
-0.6674873562038754
-0.6519959890096452
-0.6705138825176375
-0.6446947135540624
-0.661302641971837
-0.661302641971837
-0.6530268864655506
-0.6705138825176375
-0.6874853869993927
-0.6705138825176375
-0.6836943714099026
-0.67786716003675
-0.645333713417808
-0.6839260475800603
-0.6519959890096452
-0.6446947135540624
-0.6705138825176375
-0.661302641971837
-0.6336884996874017
-0.6336884996874017
-0.674847017527277
-0.6446947135540624
-0.6507800286294427
-0.6874853869993927
-0.62769452453582
-0.6313954777862175
-0.6725750729007747
-0.645333713417808
-0.6336884996874017
-0.660830914955572
-0.6874853869993927
-0.6597692104737936
-0.6462105185645463
-0.693187086366905
-0.6840150826476312
-0.6717091659482957
-0.6462105185645463
-0.6143515605681035
-0.674847017527277
-0.6446947135540624
-0.6874677842795508
-0.661302641971837
-0.6067285547234752
-0.6514523193412212
-0.6925828247814652
-0.6755442716611884
-0.6446947135540624
-0.6925828247814652
-0.603870629135792
-0.6766650259309731
-0.6705138825176375
-0.661302641971837
-0.6705138825176375
-0.6507800286294427
-0.5973427853545712
-0.645333713417808
-0.62769452453582
-0.6446947135540624
-0.6519959890096452
-0.6446947135540624
-0.6697952477392649
-0.671648850469908
-0.6873091457610592
-0.5580127431246565
-0.661302641971837
-0.6705138825176375
-0.6132195093364756
-0.6543164924993926
-0.6510099262831983
-0.6143515605681035
-0.661302641971837
-0.6507800286294427
-0.661302641971837
-0.6925828247814652
-0.6256007863992354
-0.6510099262831983
-0.6705138825176375
-0.674847017527277
-0.6446947135540624
-0.6766650259309731
-0.6446947135540624
-0.6446947135540624
-0.6836943714099026
-0.6930753977455755
-0.706855167943761
-0.6446947135540624
-0.6836943714099026
-0.6446947135540624
-0.674847017527277
-0.6143515605681035
-0.6336884996874017
-0.5987759474464792
-0.6930753977455755
-0.661302641971837
-0.6336884996874017
-0.6674873562038754
-0.6261147043414995
-0.6705138825176375
-0.6514523193412212
-0.6510099262831983
-0.6313954777862175
-0.6480431066059846
-0.6705138825176375
-0.6471927970042658
-0.674847017527277
-0.674847017527277
-0.6839260475800603
-0.6839260475800603
-0.6766650259309731
-0.5824256560807004
-0.6766650259309731
-0.693187086366905
-0.6766650259309731
-0.6839260475800603
-0.6766650259309731
-0.6705138825176375
-0.6801597838193499
-0.6766650259309731
-0.674847017527277
-0.6930753977455755
-0.6836943714099026
-0.674847017527277
-0.674847017527277
-0.661302641971837
-0.6874853869993927
-0.6446947135540624
-0.6507800286294427
-0.661302641971837
-0.661302641971837
-0.6705138825176375
-0.6766650259309731
-0.6874677842795508
-0.640123934990725
-0.693187086366905
-0.6167230439967929
-0.6560549047607569
-0.6705138825176375
-0.6247854583046839
-0.674847017527277
-0.6336884996874017
-0.6331355753843031
-0.661302641971837
-0.6519959890096452
-0.6446947135540624
-0.6247854583046839
-0.6705138825176375
-0.6777275900303165
-0.6197971589080303
-0.6674873562038754
-0.660830914955572
-0.693187086366905
-0.6507800286294427
-0.645333713417808
-0.603870629135792
-0.693187086366905
-0.6705138825176375
-0.661302641971837
-0.6766650259309731
-0.6197971589080303
-0.6336884996874017
-0.661302641971837
-0.6874853869993927
-0.674847017527277
-0.6446947135540624
-0.6544952333388412
-0.603870629135792
-0.6446947135540624
-0.674847017527277
-0.693187086366905
-0.6766650259309731
-0.6839260475800603
-0.6766650259309731
-0.6705138825176375
-0.6913829261415356
-0.661302641971837
-0.674847017527277
-0.674847017527277
-0.6766650259309731
-0.6705138825176375
-0.6705138825176375
-0.6507800286294427
-0.661302641971837
-0.6836943714099026
-0.6247854583046839
-0.6197971589080303
-0.6766650259309731
-0.6543164924993926
-0.6625382925289063
-0.6197971589080303
-0.6313954777862175
-0.6354847920927349
-0.6705138825176375
-0.6446947135540624
-0.661302641971837
-0.6336884996874017
-0.6143515605681035
-0.6442161501119584
-0.5611031815615483
-0.6354847920927349
-0.6705138825176375
-0.6766650259309731
-0.6625382925289063
-0.6766650259309731
-0.674847017527277
-0.693187086366905
-0.674847017527277
-0.661302641971837
-0.6313954777862175
-0.6766650259309731
-0.6705138825176375
-0.6705138825176375
-0.6705138825176375
-0.6705138825176375
-0.645333713417808
-0.661302641971837
-0.6446947135540624
-0.6446947135540624
-0.671648850469908
-0.671648850469908
-0.6336884996874017
-0.6446947135540624
-0.603870629135792
-0.7286643867037674
-0.6705138825176375
-0.6571808982927785
-0.6925828247814652
-0.6925828247814652
-0.6766650259309731
-0.661302641971837
-0.671648850469908
-0.661302641971837
-0.661302641971837
-0.6417742767876417
-0.6836943714099026
-0.6435755990355856
-0.6313954777862175
-0.6705138825176375
-0.671648850469908
-0.6674873562038754
-0.674847017527277
-0.661302641971837
-0.6313954777862175
-0.674847017527277
-0.6462105185645463
-0.6705138825176375
-0.661302641971837
-0.661302641971837
-0.6446947135540624
-0.6930753977455755
-0.674847017527277
-0.693187086366905
-0.6766650259309731
-0.693187086366905
-0.661302641971837
-0.674847017527277
-0.6446947135540624
-0.6143515605681035
-0.661302641971837
-0.674847017527277
-0.6766650259309731
-0.6836943714099026
-0.6771208897392397
-0.7286643867037674
-0.706855167943761
-0.6446947135540624
-0.6930753977455755
-0.6874677842795508
-0.674847017527277
-0.661302641971837
-0.62769452453582
-0.7112184301447916
-0.6510099262831983
-0.6446947135540624
-0.674847017527277
-0.6530268864655506
-0.6674873562038754
-0.661302641971837
-0.6462105185645463
-0.6839260475800603
-0.6336884996874017
-0.700122602866023
-0.6836943714099026
-0.693187086366905
-0.674847017527277
-0.6836943714099026
-0.6874677842795508
-0.6925828247814652
-0.7095896359286901
-0.671648850469908
-0.5937417417126715
-0.6872336294499255
-0.6446947135540624
-0.674847017527277
-0.6309335964454944
-0.6701671162385932
-0.6446947135540624
-0.6930753977455755
-0.6507800286294427
-0.661302641971837
-0.6748235444171979
-0.6882183609421111
-0.661302641971837
-0.6336884996874017
-0.5727058162242205
-0.6836943714099026
-0.6930753977455755
-0.6402147468434627
-0.6446947135540624
-0.674847017527277
-0.6930753977455755
-0.6899230753562364
-0.6571808982927785
-0.6766650259309731
-0.6446947135540624
-0.674847017527277
-0.6839260475800603
-0.661302641971837
-0.706855167943761
-0.6177942427946551
-0.6446947135540624
-0.6462105185645463
-0.672275913071661
-0.6839260475800603
-0.6597692104737936
-0.6930753977455755
-0.6286577457497776
-0.6507800286294427
-0.6507800286294427
-0.62769452453582
-0.6313954777862175
-0.6313954777862175
-0.711994194048223
-0.6446947135540624
-0.693187086366905
-0.6705138825176375
-0.6839260475800603
-0.6143515605681035
-0.674847017527277
-0.6766650259309731
-0.615502552048864
-0.6447588240330877
-0.6197971589080303
-0.693187086366905
-0.6286577457497776
-0.6589155784396814
-0.5977015183865123
-0.6462105185645463
-0.6766650259309731
-0.6836943714099026
-0.6925129940691412
-0.674847017527277
-0.6766650259309731
-0.6705138825176375
-0.6336884996874017
-0.6874853869993927
-0.6697952477392649
-0.674847017527277
-0.6766650259309731
-0.6446947135540624
-0.6446947135540624
-0.6705138825176375
-0.6446947135540624
-0.6755442716611884
-0.6836943714099026
-0.674847017527277
-0.6741897443234608
-0.6510099262831983
-0.6766650259309731
-0.6766650259309731
-0.6874853869993927
-0.6836943714099026
-0.6674873562038754
-0.6247854583046839
-0.6705138825176375
-0.6705138825176375
-0.6446947135540624
-0.6402147468434627
-0.674847017527277
-0.6247854583046839
-0.6821791272338424
-0.6469555618797684
-0.674847017527277
-0.7286643867037674
-0.6705138825176375
-0.6446947135540624
-0.6446947135540624
-0.6705138825176375
-0.6510099262831983
-0.6833887317131372
-0.674847017527277
-0.6528605556818321
-0.661302641971837
-0.6705138825176375
-0.6446947135540624
-0.674847017527277
-0.6446947135540624
-0.6197971589080303
-0.6597692104737936
-0.6510099262831983
-0.6705138825176375
-0.6247854583046839
-0.6313954777862175
-0.6143515605681035
-0.7124760825775359
-0.6313954777862175
-0.6925828247814652
-0.6446947135540624
-0.6686154295173579
-0.5987759474464792
-0.6241449915217163
-0.6067285547234752
-0.6705138825176375
-0.6446947135540624
-0.6247854583046839
-0.6519959890096452
-0.6105616583690663
-0.6571808982927785
-0.6874853869993927
-0.6462105185645463
-0.6836943714099026
-0.693187086366905
-0.6510099262831983
-0.6446947135540624
-0.6925828247814652
-0.6197971589080303
-0.674847017527277
-0.6766650259309731
-0.6609743884389229
-0.6207529603871266
-0.6598920482499647
-0.6446947135540624
-0.693187086366905
-0.6930753977455755
-0.693187086366905
-0.6528605556818321
-0.6402147468434627
-0.6882183609421111
-0.6833887317131372
-0.6462105185645463
-0.661302641971837
-0.6766650259309731
-0.6874677842795508
-0.6705138825176375
-0.6571808982927785
-0.671648850469908
-0.6132195093364756
-0.674847017527277
-0.6718669049831917
-0.6930753977455755
-0.6354847920927349
-0.6766650259309731
-0.674847017527277
-0.6143515605681035
-0.693187086366905
-0.661302641971837
-0.6833887317131372
-0.6882183609421111
-0.674847017527277
-0.645333713417808
-0.645333713417808
-0.6754639435169644
-0.6839260475800603
-0.7125681357283736
-0.6755442716611884
-0.661302641971837
-0.6674873562038754
-0.6286577457497776
-0.674847017527277
-0.672720455024866
-0.6705138825176375
-0.6874853869993927
-0.6882183609421111
-0.6197971589080303
-0.6507800286294427
-0.6839260475800603
-0.671648850469908
-0.6755442716611884
-0.674847017527277
-0.674847017527277
-0.6510099262831983
-0.6836943714099026
-0.661302641971837
-0.6247854583046839
-0.6836943714099026
-0.6836943714099026
-0.6839260475800603
-0.6519959890096452
-0.674847017527277
-0.6836943714099026
-0.6446947135540624
-0.6160026031090573
-0.6422204336959807
-0.661302641971837
-0.6510099262831983
-0.6286577457497776
-0.661302641971837
-0.661302641971837
-0.6874853869993927
-0.661302641971837
-0.645333713417808
-0.6674873562038754
-0.6718669049831917
-0.6836943714099026
-0.6507800286294427
-0.672275913071661
-0.6143515605681035
-0.6705138825176375
-0.6507800286294427
-0.6446947135540624
-0.674847017527277
-0.6925828247814652
-0.6836943714099026
-0.6766650259309731
-0.6247854583046839
-0.6766650259309731
-0.671648850469908
-0.6766650259309731
-0.6836943714099026
-0.6625382925289063
-0.5987759474464792
-0.6598920482499647
-0.6354847920927349
-0.6143515605681035
-0.6705138825176375
-0.672720455024866
-0.706855167943761
-0.6446947135540624
-0.6313954777862175
-0.62769452453582
-0.674847017527277
-0.6336884996874017
-0.645333713417808
-0.6674873562038754
-0.6446947135540624
-0.6230995767846962
-0.693187086366905
-0.6766650259309731
-0.6510099262831983
-0.693187086366905
-0.6820569006726188
-0.6755442716611884
-0.6705138825176375
-0.5827947371890676
-0.6143515605681035
-0.5665636195455406
-0.6705138825176375
-0.6766650259309731
-0.6766650259309731
-0.6313954777862175
-0.6462105185645463
-0.6353785059778957
-0.6544952333388412
-0.6367598666375335
-0.6462105185645463
-0.62769452453582
-0.6705138825176375
-0.6839260475800603
-0.674847017527277
-0.6446947135540624
-0.6705138825176375
-0.6766650259309731
-0.6882183609421111
-0.6766650259309731
-0.6446947135540624
-0.693187086366905
-0.6286577457497776
-0.67786716003675
-0.6336884996874017
-0.6836943714099026
-0.661302641971837
-0.6705138825176375
-0.661302641971837
-0.672275913071661
-0.6766650259309731
-0.6313954777862175
-0.672720455024866
-0.6571808982927785
-0.674847017527277
-0.6705138825176375
-0.6930753977455755
-0.695277809079484
-0.6446947135540624
-0.6336884996874017
-0.6402147468434627
-0.706855167943761
-0.6874677842795508
-0.6446947135540624
-0.6836943714099026
-0.6442161501119584
-0.6845834730725181
-0.6507800286294427
-0.6625382925289063
-0.674847017527277
-0.6766650259309731
-0.661302641971837
-0.6143515605681035
-0.6544952333388412
-0.6177942427946551
-0.6925129940691412
-0.674847017527277
-0.6519959890096452
-0.6446947135540624
-0.6446947135540624
-0.674847017527277
-0.6766650259309731
-0.6839260475800603
-0.645333713417808
-0.6705138825176375
-0.6766650259309731
-0.6446947135540624
-0.6336884996874017
-0.6705138825176375
-0.6446947135540624
-0.6705138825176375
-0.6705138825176375
-0.6569659182591194
-0.6446947135540624
-0.62769452453582
-0.6446947135540624
-0.6446947135540624
-0.7093494493899704
-0.6230432708321944
-0.6197971589080303
-0.6446947135540624
-0.645333713417808
-0.661302641971837
-0.693187086366905
-0.6507800286294427
-0.5727058162242205
-0.7124760825775359
-0.6132195093364756
-0.661302641971837
-0.6247854583046839
-0.6839260475800603
-0.5727058162242205
-0.6313954777862175
-0.674847017527277
-0.6874853869993927
-0.6351623584550089
-0.7286643867037674
-0.6925828247814652
-0.693187086366905
-0.6839260475800603
-0.6336884996874017
-0.671648850469908
-0.706855167943761
-0.671648850469908
-0.6313954777862175
-0.706855167943761
-0.6446947135540624
-0.6925828247814652
-0.6766650259309731
-0.6132195093364756
-0.6435675619722077
-0.6836943714099026
-0.6755442716611884
-0.6755442716611884
-0.6446947135540624
-0.6766650259309731
-0.6446947135540624
-0.6247854583046839
-0.6930753977455755
-0.6705138825176375
-0.6839260475800603
-0.6510099262831983
-0.693187086366905
-0.6766650259309731
-0.6560549047607569
-0.674847017527277
-0.693187086366905
-0.6143515605681035
-0.6718669049831917
-0.6697952477392649
-0.660830914955572
-0.6247854583046839
-0.674847017527277
-0.6446947135540624
-0.674847017527277
-0.674847017527277
-0.6925129940691412
-0.6705138825176375
-0.67786716003675
-0.67786716003675
-0.671648850469908
-0.6725750729007747
-0.6766650259309731
-0.6241449915217163
-0.6446947135540624
-0.6705138825176375
-0.67786716003675
-0.7124760825775359
-0.6112427214719007
-0.6766650259309731
-0.6766650259309731
-0.661302641971837
-0.6530268864655506
-0.6705138825176375
-0.6571808982927785
-0.661302641971837
-0.6544952333388412
-0.6331781537621787
-0.661302641971837
-0.6836943714099026
-0.6446947135540624
-0.6530268864655506
-0.6836943714099026
-0.6224743818397482
-0.693187086366905
-0.661302641971837
-0.6530268864655506
-0.6514523193412212
-0.6705138825176375
-0.6705138825176375
-0.6305858370424158
-0.5954868692024962
-0.6592999794635759
-0.6650111839181914
-0.6638844332571352
-0.6394140317083692
-0.6060849484729384
-0.6266220018788533
-0.6886502611724711
-0.7032647082460485
-0.6720779377926682
-0.5559183690270361
-0.5752057094168102
-0.5463093330930544
-0.5228693300138904
-0.4981383451092492
-0.6307467993504006
-0.660365112855646
-0.6430520997409203
-0.5880130949721067
-0.560962050147061
-0.5978973951236758
-0.6562135731265295
-0.6554121912805589
-0.6307467993504006
-0.6126277506718509
-0.5500535024403312
-0.5142994531409126
-0.6235753583293959
-0.6376824316269286
-0.6222116641124753
-0.681445747822126
-0.6653534364826686
-0.6434841106325944
-0.6212778676227191
-0.5940887651323509
-0.6231957098202687
-0.651691771968082
-0.6547793901022015
-0.6568564511365735
-0.6173377585069523
-0.5820226314919482
-0.651691771968082
-0.6462706738823032
-0.6813062132308311
-0.6779016861784218
-0.6235753583293959
-0.6144236684471702
-0.6352763922516945
-0.6540244612028464
-0.5390353519334686
-0.5560020728443514
-0.6446993466069456
-0.6235753583293959
-0.6232524247762119
-0.681445747822126
-0.6455332477815232
-0.6436646278824545
-0.6104829921201755
-0.5872380673264702
-0.6104829921201755
-0.5769814035364927
-0.660365112855646
-0.665877351817165
-0.6608045917047698
-0.5834678166860862
-0.6307467993504006
-0.597163161962179
-0.6593090953547752
-0.676787140935611
-0.6151303346215046
-0.6173377585069523
-0.660365112855646
-0.6436646278824545
-0.5631725324241429
-0.6173377585069523
-0.620259584128178
-0.5940029781458721
-0.5478095291615663
-0.6526712874361392
-0.6235753583293959
-0.6172606522369011
-0.5045245065524601
-0.6586056420070612
-0.47410522713589787
-0.6248241222732165
-0.657855884286233
-0.670877900564389
-0.5474486165391442
-0.657855884286233
-0.6836427205543714
-0.6549752099632911
-0.6696506318132753
-0.6785817905431442
-0.6785817905431442
-0.6785817905431442
-0.6878839318008217
-0.6785817905431442
-0.6729983958879003
-0.6785817905431442
-0.6785817905431442
-0.6729983958879003
-0.6785817905431442
-0.6878839318008217
-0.6785817905431442
-0.6644871613884975
-0.6804807215972604
-0.6785817905431442
-0.6785817905431442
-0.6754089475161655
-0.6785817905431442
-0.6731369615878549
-0.6785817905431442
-0.6729983958879003
-0.6785817905431442
-0.6785817905431442
-0.6785817905431442
-0.6729983958879003
-0.6785817905431442
-0.6785817905431442
-0.6729983958879003
-0.6731369615878549
-0.6785817905431442
-0.6785817905431442
-0.6905292831187737
-0.6905292831187737
-0.6696506318132753
-0.6785817905431442
-0.6804807215972604
-0.6785817905431442
-0.6735583400307408
-0.6785817905431442
-0.6785817905431442
-0.6731369615878549
-0.6785817905431442
-0.6878839318008217
-0.6785817905431442
-0.6785817905431442
-0.6901045584379742
-0.6905292831187737
-0.6905292831187737
-0.6696506318132753
-0.6729983958879003
-0.6785817905431442
-0.6729983958879003
-0.6804807215972604
-0.6571808982927785
-0.6571808982927785
-0.6729983958879003
-0.6729983958879003
-0.6729983958879003
-0.6729983958879003
-0.6785817905431442
-0.6729983958879003
-0.6804807215972604
-0.6696506318132753
-0.6804807215972604
-0.679100910581154
-0.6528605556818321
-0.6785817905431442
-0.645333713417808
-0.6261305446116008
-0.6236211115466593
-0.6804807215972604
-0.6804807215972604
-0.6804807215972604
-0.6804807215972604
-0.6804807215972604
-0.6731369615878549
-0.6804807215972604
-0.6729983958879003
-0.6785817905431442
-0.6731369615878549
-0.6729983958879003
-0.6804807215972604
-0.6785817905431442
-0.6696506318132753
-0.6804807215972604
-0.6729983958879003
-0.6731369615878549
-0.6592999794635759
-0.6729983958879003
-0.6731369615878549
-0.6729983958879003
-0.6731369615878549
-0.679100910581154
-0.6313954777862175
-0.6696506318132753
-0.6731369615878549
-0.6448900073866923
-0.6592999794635759
-0.6731369615878549
-0.6804807215972604
-0.6729983958879003
-0.6507800286294427
-0.6696506318132753
-0.6696506318132753
-0.6905292831187737
-0.6731369615878549
-0.6696506318132753
-0.660830914955572
-0.6804807215972604
-0.6731369615878549
-0.6804807215972604
-0.6731369615878549
-0.695277809079484
-0.6905292831187737
-0.6746966659963994
-0.6739691159021363
-0.6785817905431442
-0.6804807215972604
-0.679100910581154
-0.6189090631096645
-0.6731369615878549
-0.6878839318008217
-0.6729983958879003
-0.6731369615878549
-0.6729983958879003
-0.6731369615878549
-0.5817667640569256
-0.6729983958879003
-0.6189281172977953
-0.6731369615878549
-0.6878839318008217
-0.6731369615878549
-0.660649577373501
-0.6731369615878549
-0.6731369615878549
-0.6143515605681035
-0.6608573167952136
-0.6828351509769142
-0.656043884045452
-0.6462105185645463
-0.679100910581154
-0.6804807215972604
-0.6804807215972604
-0.6116177053833926
-0.6625382925289063
-0.645333713417808
-0.6598920482499647
-0.6447138897079062
-0.6731369615878549
-0.6804807215972604
-0.6731369615878549
-0.6445094888916282
-0.6514523193412212
-0.6977572950491471
-0.6729983958879003
-0.6731369615878549
-0.6185749920838144
-0.6468915925567434
-0.6731369615878549
-0.67786716003675
-0.6507800286294427
-0.6876022693353206
-0.6696506318132753
-0.6544952333388412
-0.6804807215972604
-0.6731369615878549
-0.6804807215972604
-0.6729983958879003
-0.6029820327551636
-0.6509540316420337
-0.6804807215972604
-0.6725750729007747
-0.6729983958879003
-0.6729983958879003
-0.6731369615878549
-0.6804807215972604
-0.6804807215972604
-0.6804807215972604
-0.6524556926084719
-0.6785817905431442
-0.6804807215972604
-0.6905292831187737
-0.6731369615878549
-0.6624063192450691
-0.6445863478750526
-0.6804807215972604
-0.6804807215972604
-0.6804807215972604
-0.6729983958879003
-0.6729983958879003
-0.6729983958879003
-0.6731369615878549
-0.6804807215972604
-0.6731369615878549
-0.6626880066921107
-0.6731369615878549
-0.6731369615878549
-0.6785817905431442
-0.6729983958879003
-0.6804807215972604
-0.6729983958879003
-0.6626880066921107
-0.6696506318132753
-0.6804807215972604
-0.6804807215972604
-0.6804807215972604
-0.6804807215972604
-0.6804807215972604
-0.6729983958879003
-0.6804807215972604
-0.6445863478750526
-0.6861341734704443
-0.6729983958879003
-0.6804807215972604
-0.6833426891187446
-0.6731369615878549
-0.6804807215972604
-0.6828351509769142
-0.6731369615878549
-0.6462105185645463
-0.6729983958879003
-0.6729983958879003
-0.6729983958879003
-0.7041075897796633
-0.5854049160286826
-0.6082981031371921
-0.6585412252152176
-0.6625382925289063
-0.6193250334606134
-0.6729983958879003
-0.6785817905431442
-0.6729983958879003
-0.6729983958879003
-0.6543164924993926
-0.6729983958879003
-0.6469555618797684
-0.6729983958879003
-0.6804807215972604
-0.6592999794635759
-0.6804807215972604
-0.6729983958879003
-0.6785817905431442
-0.6731369615878549
-0.6729983958879003
-0.6729983958879003
-0.6729983958879003
-0.6152216244175389
-0.6878839318008217
-0.6367268772371628
-0.6336884996874017
-0.6729983958879003
-0.6804807215972604
-0.6804807215972604
-0.6729983958879003
-0.6804807215972604
-0.6729983958879003
-0.6731369615878549
-0.6804807215972604
-0.6804807215972604
-0.6804807215972604
-0.6804807215972604
-0.6878166579473566
-0.6731369615878549
-0.6804807215972604
-0.6729983958879003
-0.6696506318132753
-0.6804807215972604
-0.6729983958879003
-0.6729983958879003
-0.6696506318132753
-0.6804807215972604
-0.6729983958879003
-0.6246439391043753
-0.6696506318132753
-0.6785817905431442
-0.6367598666375335
-0.6804807215972604
-0.6729983958879003
-0.687395550337641
-0.6662874449888013
-0.6804807215972604
-0.6143515605681035
-0.6804807215972604
-0.6696506318132753
-0.6731369615878549
-0.6507800286294427
-0.6507800286294427
-0.6874677842795508
-0.6876022693353206
-0.6313954777862175
-0.6507800286294427
-0.6367598666375335
-0.5936879643773122
-0.6696506318132753
-0.6804807215972604
-0.6510099262831983
-0.671648850469908
-0.6462105185645463
-0.6462105185645463
-0.6639393653897544
-0.6598920482499647
-0.6598920482499647
-0.6746966659963994
-0.6662874449888013
-0.6977572950491471
-0.6878839318008217
-0.6977572950491471
-0.6977572950491471
-0.6977572950491471
-0.6785817905431442
-0.6731369615878549
-0.6731369615878549
-0.6977572950491471
-0.6696506318132753
-0.6905292831187737
-0.6152271558406308
-0.6598920482499647
-0.6905292831187737
-0.6696506318132753
-0.6905292831187737
-0.6731369615878549
-0.6729983958879003
-0.6804807215972604
-0.6609743884389229
-0.6462105185645463
-0.6729983958879003
-0.6804807215972604
-0.6804807215972604
-0.6804807215972604
-0.6804807215972604
-0.6729983958879003
-0.6447138897079062
-0.6878166579473566
-0.6977572950491471
-0.6729983958879003
-0.6169602042327249
-0.6804807215972604
-0.6905292831187737
-0.6729983958879003
-0.6804807215972604
-0.6686148923956399
-0.6977572950491471
-0.6977572950491471
-0.6729983958879003
-0.6804807215972604
-0.6729983958879003
-0.6729983958879003
-0.6729983958879003
-0.6785817905431442
-0.6878839318008217
-0.6878839318008217
-0.6878839318008217
-0.6878839318008217
-0.6878839318008217
-0.6878839318008217
-0.6878839318008217
-0.6878839318008217
-0.6804807215972604
-0.6804807215972604
-0.6696506318132753
-0.6878839318008217
-0.6878839318008217
-0.6878839318008217
-0.6878839318008217
-0.6804807215972604
-0.6785817905431442
-0.6696506318132753
-0.6804807215972604
-0.6785817905431442
-0.6785817905431442
-0.6729983958879003
-0.672720455024866
-0.6878839318008217
-0.6544952333388412
-0.6804807215972604
-0.6804807215972604
-0.6905292831187737
-0.6785817905431442
-0.7286643867037674
-0.6804807215972604
-0.6804807215972604
-0.6336884996874017
-0.6785817905431442
-0.6804807215972604
-0.6729983958879003
-0.6804807215972604
-0.6519959890096452
-0.6764654389734935
-0.6878839318008217
-0.6804807215972604
-0.6804807215972604
-0.6804807215972604
-0.6878839318008217
-0.6804807215972604
-0.6804807215972604
-0.6804807215972604
-0.6804807215972604
-0.6804807215972604
-0.6462105185645463
-0.6729983958879003
-0.6878839318008217
-0.6696506318132753
-0.6785817905431442
-0.6729983958879003
-0.6878839318008217
-0.6336884996874017
-0.6447138897079062
-0.5421545039871742
-0.6785817905431442
-0.6785817905431442
-0.6785817905431442
-0.6785817905431442
-0.6785817905431442
-0.6785817905431442
-0.6731369615878549
-0.6804807215972604
-0.6785817905431442
-0.6804807215972604
-0.6785817905431442
-0.6785817905431442
-0.6804807215972604
-0.6804807215972604
-0.6729983958879003
-0.6804807215972604
-0.5494696325168557
-0.6078265407222047
-0.595532558951298
-0.602380172779655
-0.6160108430054009
-0.6360023622741245
-0.6018985374081542
-0.5935709708261595
-0.6739031675027145
-0.6270427976573157
-0.5989788581562593
-0.6429217947982167
-0.6601937073838234
