-0.49436298516296767
-0.6275890314723523
-0.6452553015452324
-0.6268825494931369
-0.6929226778565479
-0.6401579317383438
-0.6903434033350654
-0.6484082548976623
-0.534565356054752
-0.5045107980894028
-0.6320101002529598
-0.6484082548976623
-0.5936033569305218
-0.6929226778565479
-0.5464449075645667
-0.666936584126168
-0.6619812890712442
-0.6401579317383438
-0.6533884806660596
-0.516889183216108
-0.534565356054752
-0.5779070327443434
-0.6541562334224237
-0.6401579317383438
-0.6738981765761314
-0.6786241432178387
-0.6401579317383438
-0.6256159934999763
-0.6427018081870555
-0.6686600320134288
-0.6282014397612969
-0.6082823605751932
-0.5866598927259095
-0.6929226778565479
-0.673039038903002
-0.6515221844540272
-0.6525476604677204
-0.6326631363382444
-0.5744911548542854
-0.666936584126168
-0.5669702539741641
-0.6320101002529598
-0.5866873623998756
-0.6484082548976623
-0.6427018081870555
-0.6743595431560186
-0.6401579317383438
-0.6417326182538429
-0.6401579317383438
-0.6401579317383438
-0.6791518609305253
-0.6633493030594211
-0.6403876179018397
-0.6427018081870555
-0.591090947007202
-0.6401579317383438
-0.6401579317383438
-0.6427018081870555
-0.6427018081870555
-0.6452553015452324
-0.660515239306144
-0.6403876179018397
-0.6268134371210179
-0.6044268083626063
-0.5603750251354144
-0.5703465940944417
-0.673198182212788
-0.5603750251354144
-0.64688747326009
-0.6019736998252719
-0.5939296571383326
-0.6406221341123428
-0.6715037730966528
-0.6929226778565479
-0.6164802188345522
-0.6929226778565479
-0.6244108634484603
-0.5603750251354144
-0.5603750251354144
-0.6786286750286429
-0.6451127666679463
-0.6288437652998343
-0.5679287940075736
-0.6452553015452324
-0.6403876179018397
-0.6427018081870555
-0.6111010117642673
-0.6383465624674006
-0.6427018081870555
-0.6452553015452324
-0.6533884806660596
-0.6072754221365161
-0.6484082548976623
-0.6201619227900468
-0.6703225315399188
-0.6802277374482831
-0.6452553015452324
-0.6633493030594211
-0.6403876179018397
-0.6677675643567855
-0.6331897465542952
-0.6484082548976623
-0.6297306352514853
-0.629365849392776
-0.6256793377152583
-0.6414955499055528
-0.6484082548976623
-0.6564517784766799
-0.6484082548976623
-0.6484082548976623
-0.6331897465542952
-0.6717943100548022
-0.6533884806660596
-0.6383345992864881
-0.6288437652998343
-0.6717943100548022
-0.6633493030594211
-0.6795097971581234
-0.6401579317383438
-0.5843060338465218
-0.6566337009595474
-0.6401579317383438
-0.6541562334224237
-0.673039038903002
-0.6484082548976623
-0.6401579317383438
-0.6005585493820853
-0.6533884806660596
-0.673039038903002
-0.6608188928383274
-0.6401579317383438
-0.7000768795719522
-0.6484082548976623
-0.5939296571383326
-0.6383345992864881
-0.6452553015452324
-0.6982241743619354
-0.6533884806660596
-0.5796520784624761
-0.6749843263120201
-0.6326631363382444
-0.6268134371210179
-0.6452553015452324
-0.5217442900390729
-0.5744911548542854
-0.6486676024795622
-0.6310882204844619
-0.6452553015452324
-0.6991140929762214
-0.5603750251354144
-0.6383465624674006
-0.6513368183213951
-0.6743595431560186
-0.6743595431560186
-0.6792967065364378
-0.6383465624674006
-0.6752622060115958
-0.673039038903002
-0.5516225310481003
-0.5179791959819886
-0.6802277374482831
-0.6403876179018397
-0.6451781899451347
-0.5893511145847798
-0.6401579317383438
-0.5464449075645667
-0.5613818614335804
-0.5960001855413093
-0.668707756453813
-0.639657015237479
-0.6633493030594211
-0.668707756453813
-0.701524275880365
-0.6357776656673437
-0.6383465624674006
-0.6608188928383274
-0.6297306352514853
-0.6401579317383438
-0.6401579317383438
-0.6401579317383438
-0.64688747326009
-0.5796520784624761
-0.6131242001633243
-0.5779070327443434
-0.6427929848070775
-0.5776241763288318
-0.6607157495213454
-0.6486676024795622
-0.6297306352514853
-0.6484082548976623
-0.6484082548976623
-0.6401579317383438
-0.6529470474595708
-0.6401579317383438
-0.6633493030594211
-0.6541547661761588
-0.6183374517159714
-0.5866873623998756
-0.6401579317383438
-0.6484082548976623
-0.6256793377152583
-0.6484082548976623
-0.6484082548976623
-0.6427018081870555
-0.5594976543703801
-0.6427018081870555
-0.6297306352514853
-0.6781590476448607
-0.6427018081870555
-0.5516225310481003
-0.660515239306144
-0.6864145767318232
-0.6288437652998343
-0.6256159934999763
-0.6401579317383438
-0.6037424969927567
-0.673039038903002
-0.6110347723558801
-0.6149700067569575
-0.6541562334224237
-0.6894857891228765
-0.6250348572217944
-0.4535923866078549
-0.5401474542567589
-0.6249812370024544
-0.6075187174469554
-0.534565356054752
-0.5898012665026825
-0.5519735284436535
-0.6113928965533482
-0.6082319728162199
-0.5603750251354144
-0.6119675060881636
-0.6075187174469554
-0.5339316404681567
-0.5452126163236473
-0.5946006201618811
-0.5878849079078173
-0.5779070327443434
-0.5401474542567589
-0.6288437652998343
-0.5077081645525913
-0.6185421622495794
-0.579384364531618
-0.5765515465330409
-0.5946758573192393
-0.6492440275906235
-0.6329176462764247
-0.5946502446573242
-0.6021430916184345
-0.6227614094762683
-0.6185421622495794
-0.5251802629940553
-0.5389717376371606
-0.5679287940075736
-0.6119675060881636
-0.5843060338465218
-0.579384364531618
-0.5912014291116564
-0.5703465940944417
-0.5613818614335804
-0.5603750251354144
-0.505909204834589
-0.6421276938246944
-0.58323103384872
-0.6119675060881636
-0.579384364531618
-0.5679287940075736
-0.5613818614335804
-0.5004128855142119
-0.605551089497832
-0.579384364531618
-0.6119675060881636
-0.6332940771176031
-0.5843060338465218
-0.6236512172904439
-0.573517410174646
-0.5967587823328938
-0.6227614094762683
-0.579384364531618
-0.6006168346436165
-0.5261838427412664
-0.6021430916184345
-0.6082823605751932
-0.58323103384872
-0.5703465940944417
-0.5684107918698229
-0.5898012665026825
-0.5217306725115646
-0.6602386361971888
-0.6929226778565479
-0.6556593647602268
-0.599705593530753
-0.6201737615742506
-0.6662601432058969
-0.5946758573192393
-0.6606771256600972
-0.6053644234455688
-0.6111010117642673
-0.6923110596697168
-0.6669316515931679
-0.6404824343992609
-0.5946758573192393
-0.6929226778565479
-0.5874170863195808
-0.5616056695969636
-0.6624080224023043
-0.6916087708468823
-0.6929226778565479
-0.6920707495436096
-0.6916087708468823
-0.6552162210638538
-0.6929226778565479
-0.6903434033350654
-0.6916087708468823
-0.6090964767054927
-0.5946502446573242
-0.6699158392647344
-0.6575701888398774
-0.6916087708468823
-0.6414481327404448
-0.6072754221365161
-0.6808250030738062
-0.6228600937866938
-0.6916087708468823
-0.6513368183213951
-0.6929226778565479
-0.6238757426838717
-0.6533884806660596
-0.6515221844540272
-0.5135856554846043
-0.6703225315399188
-0.6210400361604562
-0.6268134371210179
-0.6427018081870555
-0.5464449075645667
-0.6430747618371928
-0.6111010117642673
-0.6421276938246944
-0.6452553015452324
-0.5085709521531423
-0.5779070327443434
-0.6082319728162199
-0.6805263273037099
-0.5866873623998756
-0.5603750251354144
-0.6183374517159714
-0.6210400361604562
-0.5401474542567589
-0.6529470474595708
-0.7000768795719522
-0.5939296571383326
-0.5939296571383326
-0.5603750251354144
-0.6484082548976623
-0.626001301742965
-0.6529470474595708
-0.561197701611711
-0.5946758573192393
-0.539310680555673
-0.6104936963859589
-0.6249812370024544
-0.6749843263120201
-0.6201619227900468
-0.6401579317383438
-0.6072754221365161
-0.5603750251354144
-0.6484082548976623
-0.6488395590495286
-0.6256793377152583
-0.58323103384872
-0.5946758573192393
-0.6436041025388817
-0.5361451518747573
-0.41890918684432266
-0.5865939280744568
-0.6401579317383438
-0.6146227037112316
-0.5679287940075736
-0.6484082548976623
-0.539310680555673
-0.6608188928383274
-0.6452553015452324
-0.6484082548976623
-0.6383465624674006
-0.6019736998252719
-0.6113928965533482
-0.5843060338465218
-0.6452553015452324
-0.6484082548976623
-0.6383465624674006
-0.6401579317383438
-0.6488395590495286
-0.6452553015452324
-0.665800948963028
-0.6268134371210179
-0.5898012665026825
-0.6484082548976623
-0.5204587726395777
-0.6525476604677204
-0.6255171056003466
-0.6159880888533328
-0.6146227037112316
-0.6533884806660596
-0.6401579317383438
-0.5991987690954308
-0.6633493030594211
-0.7098542503229404
-0.6619812890712442
-0.6268134371210179
-0.6525476604677204
-0.6452553015452324
-0.6633493030594211
-0.6633493030594211
-0.5796520784624761
-0.6484082548976623
-0.6452553015452324
-0.6401579317383438
-0.6525476604677204
-0.6401579317383438
-0.6452553015452324
-0.6118582274142446
-0.6401579317383438
-0.6288437652998343
-0.6488395590495286
-0.5898012665026825
-0.5217442900390729
-0.5516225310481003
-0.5209456775085856
-0.49436298516296767
-0.5613818614335804
-0.5029873087990804
-0.6211523705472557
-0.6119188427763339
-0.6228600937866938
-0.6236617907733135
-0.5946758573192393
-0.6164802188345522
-0.6452553015452324
-0.5776241763288318
-0.5712056427214837
-0.6525476604677204
-0.6427018081870555
-0.6320101002529598
-0.6484082548976623
-0.6256159934999763
-0.6484082548976623
-0.6292211861340219
-0.6533884806660596
-0.6540171957204164
-0.6353790944938235
-0.6401579317383438
-0.710188911985707
-0.6529470474595708
-0.6484082548976623
-0.6401579317383438
-0.5603750251354144
-0.5516225310481003
-0.568133345146002
-0.539310680555673
-0.5598523482109097
-0.5516225310481003
-0.5401474542567589
-0.6738981765761314
-0.6455677374303238
-0.6210400361604562
-0.6654087754436722
-0.6113928965533482
-0.5464449075645667
-0.6248113348431714
-0.6619812890712442
-0.6401579317383438
-0.6541562334224237
-0.6484082548976623
-0.6401579317383438
-0.6104936963859589
-0.6383465624674006
-0.6452553015452324
-0.6452553015452324
-0.6656591957715744
-0.5598523482109097
-0.6211523705472557
-0.6153383939382142
-0.539310680555673
-0.6244108634484603
-0.5669702539741641
-0.59581580321985
-0.573517410174646
-0.5874170863195808
-0.6210400361604562
-0.6353790944938235
-0.5776241763288318
-0.6484082548976623
-0.6401579317383438
-0.6383465624674006
-0.6617471173336709
-0.7159784320303675
-0.6244108634484603
-0.6288437652998343
-0.5991987690954308
-0.6533884806660596
-0.6430747618371928
-0.6256159934999763
-0.6310882204844619
-0.6529470474595708
-0.6103914915593841
-0.6541562334224237
-0.6256793377152583
-0.6401579317383438
-0.6403876179018397
-0.6484082548976623
-0.6146227037112316
-0.6183374517159714
-0.6452553015452324
-0.5981826288576629
-0.6427018081870555
-0.6533884806660596
-0.6791518609305253
-0.6608188928383274
-0.6533884806660596
-0.6564517784766799
-0.6403876179018397
-0.6310882204844619
-0.6484082548976623
-0.665800948963028
-0.666936584126168
-0.6452553015452324
-0.6146227037112316
-0.6484082548976623
-0.6533884806660596
-0.6484082548976623
-0.6256793377152583
-0.6452553015452324
-0.6383465624674006
-0.6401579317383438
-0.6146227037112316
-0.6717943100548022
-0.6401579317383438
-0.6541562334224237
-0.6430747618371928
-0.6427929848070775
-0.6140146755785468
-0.6228600937866938
-0.6715037730966528
-0.6019736998252719
-0.5866873623998756
-0.5703465940944417
-0.6858009310175969
-0.6533884806660596
-0.5464449075645667
-0.6484082548976623
-0.6484082548976623
-0.6221897830371516
-0.5300566939594437
-0.6401579317383438
-0.6401579317383438
-0.6427018081870555
-0.6529470474595708
-0.6401579317383438
-0.6401579317383438
-0.6310882204844619
-0.6452553015452324
-0.6430747618371928
-0.6183374517159714
-0.6533884806660596
-0.6525476604677204
-0.6401579317383438
-0.6484082548976623
-0.6533884806660596
-0.6021430916184345
-0.6484082548976623
-0.6484082548976623
-0.6666850157211691
-0.7052327402226507
-0.6401579317383438
-0.6533884806660596
-0.6452553015452324
-0.6484082548976623
-0.6383465624674006
-0.6484082548976623
-0.701524275880365
-0.6401579317383438
-0.5866873623998756
-0.6164802188345522
-0.6484082548976623
-0.6541562334224237
-0.6452553015452324
-0.5583775898632867
-0.7098542503229404
-0.6484082548976623
-0.5703717170727852
-0.6403876179018397
-0.6395408106845947
-0.660515239306144
-0.626001301742965
-0.6564517784766799
-0.6353790944938235
-0.6533884806660596
-0.6401579317383438
-0.6383465624674006
-0.665800948963028
-0.7112965465990377
-0.6633493030594211
-0.6401579317383438
-0.6210400361604562
-0.6533884806660596
-0.6383465624674006
-0.7000768795719522
-0.6427018081870555
-0.6401579317383438
-0.6331897465542952
-0.6297306352514853
-0.6452553015452324
-0.655791339221399
-0.6430747618371928
-0.6533884806660596
-0.6484082548976623
-0.6564517784766799
-0.6564517784766799
-0.6484082548976623
-0.6401579317383438
-0.6310882204844619
-0.655791339221399
-0.6529470474595708
-0.6533884806660596
-0.6310882204844619
-0.6401579317383438
-0.6666850157211691
-0.6268134371210179
-0.6525476604677204
-0.6380109459234462
-0.6619812890712442
-0.5613818614335804
-0.5744911548542854
-0.606870420938997
-0.5744911548542854
-0.5866598927259095
-0.6025988273864149
-0.6781590476448607
-0.666936584126168
-0.6533884806660596
-0.5543548933152083
-0.6513368183213951
-0.6717943100548022
-0.6564517784766799
-0.6484082548976623
-0.6484082548976623
-0.6529470474595708
-0.6608188928383274
-0.6401579317383438
-0.6484082548976623
-0.7017363055727409
-0.626001301742965
-0.6633493030594211
-0.6451127666679463
-0.6427018081870555
-0.6201619227900468
-0.6513368183213951
-0.6564517784766799
-0.6256793377152583
-0.5843060338465218
-0.6633493030594211
-0.5893622266860896
-0.6383345992864881
-0.6525476604677204
-0.6533884806660596
-0.6525476604677204
-0.6383465624674006
-0.6484082548976623
-0.672688411017108
-0.5919010785228608
-0.6533884806660596
-0.665800948963028
-0.6484082548976623
-0.6146227037112316
-0.6256793377152583
-0.5293573026906726
-0.6533884806660596
-0.6633493030594211
-0.6633493030594211
-0.6633493030594211
-0.6529470474595708
-0.6541562334224237
-0.6548189851518308
-0.6427018081870555
-0.6529470474595708
-0.6430747618371928
-0.6488395590495286
-0.6633493030594211
-0.5796520784624761
-0.5401474542567589
-0.5946502446573242
-0.6104936963859589
-0.4761788283132629
-0.5766782019916898
-0.6541562334224237
-0.701524275880365
-0.6256793377152583
-0.6403876179018397
-0.6310882204844619
-0.6401579317383438
-0.6464241839481025
-0.6298349568925284
-0.5755404528123697
-0.5946006201618811
-0.5603750251354144
-0.539310680555673
-0.5776241763288318
-0.6484082548976623
-0.5865939280744568
-0.5217442900390729
-0.5812084317940431
-0.5776241763288318
-0.5679287940075736
-0.6623910422037596
-0.5777969230124772
-0.5401474542567589
-0.5613818614335804
-0.6216609917826994
-0.6216609917826994
-0.6305104931479568
-0.6644123074410336
-0.6526172962661574
-0.668707756453813
-0.6820053418682196
-0.6152484479814735
-0.586007387648593
-0.6256159934999763
-0.5843060338465218
-0.6363538867303731
-0.6486676024795622
-0.7000768795719522
-0.672688411017108
-0.7112965465990377
-0.5776241763288318
-0.6608188928383274
-0.7030065451104542
-0.6832660620423004
-0.666936584126168
-0.6452553015452324
-0.6383465624674006
-0.6541562334224237
-0.6401579317383438
-0.6533884806660596
-0.6326631363382444
-0.6864145767318232
-0.6564517784766799
-0.6401579317383438
-0.6156660666865665
-0.6383465624674006
-0.6146227037112316
-0.6401579317383438
-0.6456976922514237
-0.6864145767318232
-0.6752622060115958
-0.6619812890712442
-0.6488577807674513
-0.6529470474595708
-0.6427018081870555
-0.6633493030594211
-0.6781590476448607
-0.6297306352514853
-0.6484082548976623
-0.6430747618371928
-0.6320101002529598
-0.6331897465542952
-0.626001301742965
-0.6452553015452324
-0.6427929848070775
-0.6484082548976623
-0.6211523705472557
-0.6244108634484603
-0.5745936051669305
-0.6085198441244289
-0.5939296571383326
-0.6088323238296393
-0.6005585493820853
-0.5888774773799894
-0.588881145617924
-0.6250348572217944
-0.6156660666865665
-0.5464449075645667
-0.6244108634484603
-0.6330912712619976
-0.6452553015452324
-0.6484082548976623
-0.6256159934999763
-0.6427018081870555
-0.5342404756306731
-0.6452553015452324
-0.6484082548976623
-0.6427929848070775
-0.6619812890712442
-0.6430747618371928
-0.6256793377152583
-0.5777969230124772
-0.6330912712619976
-0.6297306352514853
-0.6829670370243329
-0.5874170863195808
-0.573517410174646
-0.5866873623998756
-0.6244108634484603
-0.5495886774398147
-0.6210400361604562
-0.6525476604677204
-0.6633493030594211
-0.6484082548976623
-0.6533884806660596
-0.6484082548976623
-0.6401579317383438
-0.6845171735185233
-0.6320101002529598
-0.6541562334224237
-0.6717943100548022
-0.626001301742965
-0.626001301742965
-0.5866873623998756
-0.6427018081870555
-0.6401579317383438
-0.644243961043822
-0.6322753480821728
-0.6533884806660596
-0.6619812890712442
-0.6124277378077548
-0.6752622060115958
-0.6525476604677204
-0.6183374517159714
-0.6533884806660596
-0.6383465624674006
-0.6452553015452324
-0.6401579317383438
-0.6781590476448607
-0.6401579317383438
-0.6484082548976623
-0.6089915006682288
-0.5425590811321263
-0.5464449075645667
-0.5703465940944417
-0.6625718107189452
-0.6625718107189452
-0.6280740731002026
-0.6468441582712674
-0.6104936963859589
-0.6297306352514853
-0.5796520784624761
-0.5464449075645667
-0.6484082548976623
-0.6401823300977061
-0.6401579317383438
-0.6452553015452324
-0.6331897465542952
-0.6484082548976623
-0.6256793377152583
-0.6331897465542952
-0.5843060338465218
-0.601801833303777
-0.6525476604677204
-0.5732647640446441
-0.5777969230124772
-0.6699158392647344
-0.5643531431218571
-0.6692064870051088
-0.665800948963028
-0.6427929848070775
-0.6715037730966528
-0.6484082548976623
-0.6383465624674006
-0.6752517391476436
-0.6401579317383438
-0.6401579317383438
-0.5603750251354144
-0.6401579317383438
-0.6444670668497456
-0.626001301742965
-0.626001301742965
-0.673039038903002
-0.6427018081870555
-0.6484082548976623
-0.6401579317383438
-0.6608188928383274
-0.6529470474595708
-0.6484082548976623
-0.6403876179018397
-0.6484082548976623
-0.6268134371210179
-0.6533884806660596
-0.6533884806660596
-0.5907236405733701
-0.6484082548976623
-0.655791339221399
-0.6440389714415169
-0.6687704453958352
-0.6561656683145723
-0.6146227037112316
-0.6401579317383438
-0.6452553015452324
-0.6452553015452324
-0.672688411017108
-0.6541562334224237
-0.6401579317383438
-0.6214063361801289
-0.6541562334224237
-0.6427018081870555
-0.6401579317383438
-0.6383465624674006
-0.6452553015452324
-0.6401579317383438
-0.6210400361604562
-0.6427018081870555
-0.6564517784766799
-0.6484082548976623
-0.6401579317383438
-0.6427018081870555
-0.666936584126168
-0.6401579317383438
-0.6883737318133261
-0.6256159934999763
-0.6401579317383438
-0.6533884806660596
-0.5583775898632867
-0.5421127967378147
-0.5583775898632867
-0.5315681239773355
-0.5866598927259095
-0.656009520166379
-0.6297306352514853
-0.6306194102747308
-0.6211523705472557
-0.6297306352514853
-0.5577729833242856
-0.5960001855413093
-0.5991536916432183
-0.6025988273864149
-0.7098542503229404
-0.6401579317383438
-0.6256159934999763
-0.6452553015452324
-0.6452553015452324
-0.6335394480713561
-0.5949843072817281
-0.6484082548976623
-0.6401579317383438
-0.6326631363382444
-0.6401579317383438
-0.5967975377650337
-0.6256159934999763
-0.6619812890712442
-0.6533884806660596
-0.6244108634484603
-0.5843060338465218
-0.6533884806660596
-0.6320101002529598
-0.6564517784766799
-0.701524275880365
-0.6677675643567855
-0.6533884806660596
-0.6452553015452324
-0.6644524810865015
-0.6383345992864881
-0.6619812890712442
-0.6533884806660596
-0.6452553015452324
-0.6331897465542952
-0.6401579317383438
-0.6214063361801289
-0.6452553015452324
-0.6146227037112316
-0.5866873623998756
-0.6864145767318232
-0.6607893456410968
-0.6401579317383438
-0.6484082548976623
-0.6564517784766799
-0.6608188928383274
-0.6864145767318232
-0.6484082548976623
-0.7043122104382761
-0.5776241763288318
-0.5401474542567589
-0.6401823300977061
-0.6082319728162199
-0.5495886774398147
-0.6540171957204164
-0.6183374517159714
-0.6116704289984775
-0.6326631363382444
-0.6540171957204164
-0.6088323238296393
-0.6104936963859589
-0.666440914186888
-0.6401579317383438
-0.6452553015452324
-0.5865939280744568
-0.6791518609305253
-0.5796520784624761
-0.6331897465542952
-0.6703225315399188
-0.6732386018301441
-0.6383465624674006
-0.6411789033919725
-0.5809208114105349
-0.6484082548976623
-0.6484082548976623
-0.6608188928383274
-0.6401579317383438
-0.6484082548976623
-0.6363538867303731
-0.6541562334224237
-0.6401579317383438
-0.5583775898632867
-0.7106582001524857
-0.6608188928383274
-0.6541562334224237
-0.6608188928383274
-0.6484082548976623
-0.5994628958027605
-0.5703465940944417
-0.5866873623998756
-0.6075498271017479
-0.5401474542567589
-0.4951020965165614
-0.6326631363382444
-0.5237254108165258
-0.6305104931479568
-0.6513368183213951
-0.5679287940075736
-0.6619812890712442
-0.6608188928383274
-0.6533884806660596
-0.6525476604677204
-0.626001301742965
-0.5874170863195808
-0.6448905655225577
-0.6403876179018397
-0.6310882204844619
-0.6256793377152583
-0.6484082548976623
-0.6248113348431714
-0.7043473668243481
-0.6698251916704557
-0.6383465624674006
-0.6529470474595708
-0.6256159934999763
-0.6484082548976623
-0.6533884806660596
-0.6427018081870555
-0.5645612898197254
-0.5874170863195808
-0.6563338448829322
-0.6607157495213454
-0.6715037730966528
-0.626001301742965
-0.6256159934999763
-0.6982241743619354
-0.6256793377152583
-0.6401579317383438
-0.6467030121198296
-0.5777969230124772
-0.5777969230124772
-0.5744911548542854
-0.5598523482109097
-0.6979441850034855
-0.6201619227900468
-0.6305729945792679
-0.6474562572090043
-0.6430747618371928
-0.6484082548976623
-0.6401579317383438
-0.7017363055727409
-0.5777969230124772
-0.6452553015452324
-0.6484082548976623
-0.6297306352514853
-0.6845171735185233
-0.6401579317383438
-0.6256159934999763
-0.6484082548976623
-0.6533884806660596
-0.6403876179018397
-0.6533884806660596
-0.6256159934999763
-0.6608188928383274
-0.6791518609305253
-0.6791518609305253
-0.5679287940075736
-0.6401579317383438
-0.6452553015452324
-0.6452553015452324
-0.5023989964938167
-0.5933986959764701
-0.599705593530753
-0.6767779378686964
-0.6113235013406829
-0.6401579317383438
-0.6430747618371928
-0.539310680555673
-0.6363538867303731
-0.6210400361604562
-0.6974121998265247
-0.6452553015452324
-0.6752622060115958
-0.6808250030738062
-0.6452553015452324
-0.6059199779661213
-0.6452553015452324
-0.6484082548976623
-0.6452553015452324
-0.6533884806660596
-0.6427018081870555
-0.659454917642699
-0.5939296571383326
-0.6329176462764247
-0.6183374517159714
-0.6451781899451347
-0.6444670668497456
-0.6401579317383438
-0.6210400361604562
-0.6529470474595708
-0.5880503172848451
-0.6467030121198296
-0.6297306352514853
-0.6529470474595708
-0.6452553015452324
-0.6805024207003076
-0.6781590476448607
-0.6717943100548022
-0.6256159934999763
-0.6484082548976623
-0.5958527865089278
-0.6113478868681367
-0.6113478868681367
-0.6401579317383438
-0.5472712667466739
-0.6452553015452324
-0.6403876179018397
-0.6256159934999763
-0.6310882204844619
-0.6297306352514853
-0.6297306352514853
-0.6210400361604562
-0.6326631363382444
-0.6782678378058686
-0.5768135899588953
-0.627811448324065
-0.6484082548976623
-0.6451781899451347
-0.6401579317383438
-0.6401579317383438
-0.660515239306144
-0.660515239306144
-0.6401579317383438
-0.6111010117642673
-0.534565356054752
-0.557424861411718
-0.5744911548542854
-0.5401474542567589
-0.5603750251354144
-0.5703465940944417
-0.6297306352514853
-0.6123636564149494
-0.6298349568925284
-0.6104936963859589
-0.6738981765761314
-0.6401579317383438
-0.7000768795719522
-0.6486676024795622
-0.672688411017108
-0.7208390687798262
-0.6403876179018397
-0.6619812890712442
-0.672688411017108
-0.6331897465542952
-0.5342404756306731
-0.6401579317383438
-0.6427929848070775
-0.6452553015452324
-0.5991987690954308
-0.6268134371210179
-0.5777969230124772
-0.6331897465542952
-0.6529470474595708
-0.6633493030594211
-0.6533884806660596
-0.6401579317383438
-0.6401579317383438
-0.673039038903002
-0.5941738985552281
-0.666936584126168
-0.6484082548976623
-0.6210400361604562
-0.6383465624674006
-0.6525476604677204
-0.6383465624674006
-0.5946758573192393
-0.573517410174646
-0.58323103384872
-0.5603750251354144
-0.5583775898632867
-0.5874170863195808
-0.6032359612306174
-0.6248113348431714
-0.6255215856645774
-0.6569646989969773
-0.575188598130907
-0.6210400361604562
-0.6004656803156511
-0.6305104931479568
-0.6331897465542952
-0.6452553015452324
-0.6564517784766799
-0.6401579317383438
-0.6256793377152583
-0.6484082548976623
-0.5878849079078173
-0.6383465624674006
-0.7132241678643821
-0.6104936963859589
-0.672688411017108
-0.6832660620423004
-0.6401579317383438
-0.6533884806660596
-0.6566337009595474
-0.6488395590495286
-0.6533884806660596
-0.6619812890712442
-0.6484082548976623
-0.6580753141808539
-0.6484082548976623
-0.5777969230124772
-0.6533884806660596
-0.6256159934999763
-0.666936584126168
-0.6633493030594211
-0.6401579317383438
-0.5679287940075736
-0.7029341213652817
-0.6752517391476436
-0.666936584126168
-0.6297306352514853
-0.6401579317383438
-0.6452553015452324
-0.6488395590495286
-0.6608188928383274
-0.6619812890712442
-0.6244108634484603
-0.5866873623998756
-0.5866873623998756
-0.5458652569497914
-0.6604048421460539
-0.5744911548542854
-0.5874170863195808
-0.6484082548976623
-0.6533884806660596
-0.6791518609305253
-0.6363993937636404
-0.6383345992864881
-0.6401579317383438
-0.6401579317383438
-0.6217073943939977
-0.666936584126168
-0.5939296571383326
-0.6484082548976623
-0.6310882204844619
-0.6431142412943738
-0.6427929848070775
-0.6383465624674006
-0.6228600937866938
-0.6979441850034855
-0.6353790944938235
-0.5843060338465218
-0.5874170863195808
-0.5516225310481003
-0.539310680555673
-0.5969092503810355
-0.5401474542567589
-0.7061173357103361
-0.6988293529854533
-0.6330912712619976
-0.6512203275181867
-0.6032359612306174
-0.6289640222066918
-0.6403876179018397
-0.6619812890712442
-0.6608188928383274
-0.6564517784766799
-0.655791339221399
-0.6383345992864881
-0.6527186280495552
-0.6484082548976623
-0.6533884806660596
-0.6448905655225577
-0.6717943100548022
-0.6529470474595708
-0.6401579317383438
-0.6109148018776049
-0.6484082548976623
-0.6608188928383274
-0.6401579317383438
-0.666936584126168
-0.693873595414794
-0.6540171957204164
-0.629274105237281
-0.6488395590495286
-0.6427018081870555
-0.6633493030594211
-0.665800948963028
-0.6401579317383438
-0.6484082548976623
-0.6244108634484603
-0.6326631363382444
-0.6286677465742376
-0.666936584126168
-0.6541562334224237
-0.6383465624674006
-0.6743595431560186
-0.5135856554846043
-0.6703734442515864
-0.5489140772702522
-0.6707937264171945
-0.6988293529854533
-0.6146227037112316
-0.6401579317383438
-0.6401579317383438
-0.6256793377152583
-0.6894857891228765
-0.539310680555673
-0.599087478014031
-0.6149020794987049
-0.6149020794987049
-0.5004128855142119
-0.6616355881510521
-0.5986157849478376
-0.6201619227900468
-0.6567723640759656
-0.6221897830371516
-0.6297306352514853
-0.5888774773799894
-0.6331897465542952
-0.6451127666679463
-0.6436041025388817
-0.6564517784766799
-0.6717943100548022
-0.6123636564149494
-0.5994334942158103
-0.6403876179018397
-0.5639574033419674
-0.6484082548976623
-0.6331897465542952
-0.655791339221399
-0.6228600937866938
-0.6982241743619354
-0.6484082548976623
-0.6401579317383438
-0.6608188928383274
-0.7257327034361397
-0.6656591957715744
-0.6363538867303731
-0.6430747618371928
-0.6484082548976623
-0.6484082548976623
-0.6541562334224237
-0.6401579317383438
-0.6488395590495286
-0.6533884806660596
-0.6256159934999763
-0.6331897465542952
-0.6452553015452324
-0.6529470474595708
-0.6791518609305253
-0.666936584126168
-0.6533884806660596
-0.6452553015452324
-0.6525476604677204
-0.6320101002529598
-0.6319369277403842
-0.6484082548976623
-0.626001301742965
-0.6401579317383438
-0.7047844289112242
-0.6268134371210179
-0.6353790944938235
-0.6633493030594211
-0.6484082548976623
-0.6427018081870555
-0.6401579317383438
-0.598807603203188
-0.6401579317383438
-0.6401579317383438
-0.6430747618371928
-0.5603750251354144
-0.5866873623998756
-0.539310680555673
-0.6810725410845937
-0.6960617041386825
-0.5744911548542854
-0.58323103384872
-0.5684594861681762
-0.6366772197160823
-0.7042472299815824
-0.5679287940075736
-0.5888774773799894
-0.6407660660264219
-0.6104936963859589
-0.5669702539741641
-0.6484082548976623
-0.6529470474595708
-0.6472820458606154
-0.6529470474595708
-0.6401579317383438
-0.6401579317383438
-0.6609153269196832
-0.6484082548976623
-0.604489751804858
-0.5958527865089278
-0.672688411017108
-0.6484082548976623
-0.6452553015452324
-0.6690978104728564
-0.624321999079464
-0.6752622060115958
-0.6372886506152057
-0.6541562334224237
-0.6326631363382444
-0.6401579317383438
-0.6533884806660596
-0.6822803818685338
-0.6743595431560186
-0.6320101002529598
-0.4993132229166772
-0.665800948963028
-0.6430747618371928
-0.6845171735185233
-0.6417326182538429
-0.672688411017108
-0.6533884806660596
-0.6401579317383438
-0.6331897465542952
-0.6427018081870555
-0.6401579317383438
-0.626001301742965
-0.6633493030594211
-0.6401579317383438
-0.6093420286569363
-0.6401579317383438
-0.7043043709414646
-0.6452553015452324
-0.6072754221365161
-0.6403876179018397
-0.6484082548976623
-0.672688411017108
-0.6310882204844619
-0.6430747618371928
-0.6401579317383438
-0.6401579317383438
-0.6427018081870555
-0.6564517784766799
-0.6486676024795622
-0.6310882204844619
-0.6452553015452324
-0.6484082548976623
-0.6256159934999763
-0.6401579317383438
-0.6633493030594211
-0.6452553015452324
-0.534565356054752
-0.5516225310481003
-0.5874170863195808
-0.568133345146002
-0.6606771256600972
-0.6297306352514853
-0.6214063361801289
-0.707463561417802
-0.6540171957204164
-0.5960001855413093
-0.7090282259077386
-0.6501651778801436
-0.6900117280434026
-0.6998738284203591
-0.6403876179018397
-0.5776241763288318
-0.6401579317383438
-0.6452553015452324
-0.6452553015452324
-0.6403876179018397
-0.720351523882222
-0.6864145767318232
-0.5866873623998756
-0.6111010117642673
-0.6484082548976623
-0.6383465624674006
-0.6525476604677204
-0.6452553015452324
-0.6403876179018397
-0.6743595431560186
-0.6401579317383438
-0.6383345992864881
-0.6541562334224237
-0.6256793377152583
-0.6401579317383438
-0.6059228871935236
-0.6297306352514853
-0.6183374517159714
-0.6401579317383438
-0.6452553015452324
-0.6488395590495286
-0.6256159934999763
-0.665800948963028
-0.6743595431560186
-0.6484082548976623
-0.579609593719877
-0.6486676024795622
-0.6326631363382444
-0.6452553015452324
-0.6241635232724395
-0.6310882204844619
-0.6401579317383438
-0.6484082548976623
-0.6383465624674006
-0.7184046396086332
-0.5701447549899002
-0.6353790944938235
-0.6858009310175969
-0.6403876179018397
-0.6383465624674006
-0.660515239306144
-0.6533884806660596
-0.6533884806660596
-0.6484082548976623
-0.6529470474595708
-0.6533884806660596
-0.627811448324065
-0.5401474542567589
-0.6383465624674006
-0.6401579317383438
-0.6463538409574244
-0.6256159934999763
-0.7077062028553169
-0.6401579317383438
-0.6619812890712442
-0.6320101002529598
-0.6320101002529598
-0.6602386361971888
-0.5586616197720782
-0.6320101002529598
-0.673198182212788
-0.6096856763523057
-0.6310882204844619
-0.665800948963028
-0.665800948963028
-0.6484082548976623
-0.6619812890712442
-0.5315681239773355
-0.5843060338465218
-0.6932410563001683
-0.6248113348431714
-0.6606771256600972
-0.6749843263120201
-0.6297306352514853
-0.6707937264171945
-0.6672763625831921
-0.668707756453813
-0.5984537230609293
-0.6750568969093854
-0.5945099128554688
-0.539310680555673
-0.5464449075645667
-0.5217442900390729
-0.5554926252576192
-0.5796520784624761
-0.5464449075645667
-0.5401474542567589
-0.6190388973688041
-0.5464449075645667
-0.5520432755098049
-0.5979054911395466
-0.5779070327443434
-0.5744911548542854
-0.5235356854577737
-0.5583775898632867
-0.6075187174469554
-0.6005466761249593
-0.579384364531618
-0.6173738823736664
-0.5464449075645667
-0.5779070327443434
-0.5464449075645667
-0.5939296571383326
-0.58323103384872
-0.5516225310481003
-0.6122347528057164
-0.5045107980894028
-0.5796520784624761
-0.5516225310481003
-0.5796520784624761
-0.5874170863195808
-0.5843060338465218
-0.5712056427214837
-0.58323103384872
-0.58323103384872
-0.5401474542567589
-0.5865939280744568
-0.58323103384872
-0.5516225310481003
-0.573517410174646
-0.5217442900390729
-0.5744911548542854
-0.5679287940075736
-0.6021430916184345
-0.6337585445295553
-0.6190388973688041
-0.5936033569305218
-0.6220741264046481
-0.6576782821986
-0.5935117559286662
-0.534565356054752
-0.6219873947091543
-0.5679287940075736
-0.5675629110645868
-0.5551219726808495
-0.5897459337311498
-0.5866873623998756
-0.6082823605751932
-0.6968614364308489
-0.5946502446573242
-0.5744911548542854
-0.5679287940075736
-0.5583775898632867
-0.6075187174469554
-0.6095751480838231
-0.5591290287096848
-0.5942900787715663
-0.6288437652998343
-0.5591290287096848
-0.5777969230124772
-0.6527186280495552
-0.5401474542567589
-0.6384906500913115
-0.6939449385386194
-0.5779070327443434
-0.5516225310481003
-0.6113928965533482
-0.495188335767661
-0.5962007611358312
-0.5744911548542854
-0.5946006201618811
-0.6220741264046481
-0.6329176462764247
-0.5217442900390729
-0.4535923866078549
-0.4476921550022047
-0.6220741264046481
-0.6074886291492118
-0.5961617807564196
-0.4530490004421721
-0.5744911548542854
-0.5843060338465218
-0.6326975398787255
-0.5613818614335804
-0.5744911548542854
-0.6263872835142206
-0.6517349623769845
-0.5898012665026825
-0.5939296571383326
-0.58323103384872
-0.5591290287096848
-0.5866598927259095
-0.534565356054752
-0.5516225310481003
-0.5603750251354144
-0.6075187174469554
-0.6170035102960522
-0.6219873947091543
-0.640896999003642
-0.5315681239773355
-0.6670110729992352
-0.5216545155438835
-0.47710039043586033
-0.5667273757136578
-0.6288437652998343
-0.6019736998252719
-0.534565356054752
-0.6199928398650492
-0.5512427423121038
-0.6119675060881636
-0.6197684816860084
-0.5779070327443434
-0.5703465940944417
-0.5744911548542854
-0.6421276938246944
-0.5496432092161132
-0.5843060338465218
-0.6711491167825544
-0.5495886774398147
-0.539310680555673
-0.5936033569305218
-0.5554926252576192
-0.5125364582257184
-0.5464449075645667
-0.5452126163236473
-0.5613818614335804
-0.5946006201618811
-0.6082823605751932
-0.5516225310481003
-0.5583775898632867
-0.6192453897785184
-0.5082274358688916
-0.5771240914437447
-0.579609593719877
-0.5993574738549996
-0.6050448247633218
-0.5718535261079449
-0.5931315715245339
-0.6315526844314626
-0.5843060338465218
-0.5603750251354144
-0.5669702539741641
-0.5339316404681567
-0.5339316404681567
-0.5853834336984031
-0.5217442900390729
-0.5744911548542854
-0.5598523482109097
-0.5939296571383326
-0.6149020794987049
-0.5085709521531423
-0.7068407996565975
-0.6382250325986515
-0.6153257395842887
-0.5905820834112072
-0.525212810287859
-0.5583775898632867
-0.5946758573192393
-0.5598523482109097
-0.5786896738664258
-0.5814792926934653
-0.5408168021930064
-0.6044268083626063
-0.6238856633682189
-0.5843060338465218
-0.5669702539741641
-0.5389717376371606
-0.5495886774398147
-0.539310680555673
-0.5874170863195808
-0.6249812370024544
-0.5583775898632867
-0.5744911548542854
-0.5554926252576192
-0.6481615096703199
-0.5865939280744568
-0.5866598927259095
-0.5613818614335804
-0.5603750251354144
-0.5961679330491512
-0.6329176462764247
-0.605551089497832
-0.605551089497832
-0.6460792384224102
-0.605551089497832
-0.5557521730351636
-0.6109904274571649
-0.591090947007202
-0.7333316894503903
-0.6082319728162199
-0.5603750251354144
-0.5603750251354144
-0.6170035102960522
-0.5980979660099177
-0.5936033569305218
-0.6326975398787255
-0.6021430916184345
-0.5936033569305218
-0.6021430916184345
-0.6021430916184345
-0.627371995894862
-0.6337585445295553
-0.6326975398787255
-0.5078202020808755
-0.6312845826638448
-0.6306711726758042
-0.5946006201618811
-0.6337585445295553
-0.6543097959929667
-0.5829504345207293
-0.6448242188562712
-0.6528591535510554
-0.6199928398650492
-0.6113235013406829
-0.5993574738549996
-0.5901774866899613
-0.616495025454075
-0.5973277837822447
-0.4687029163133022
-0.5495886774398147
-0.6044268083626063
-0.5110848429297247
-0.6117565525440252
-0.6156009790474697
-0.5779070327443434
-0.5796520784624761
-0.5551219726808495
-0.6091502776784226
-0.599705593530753
-0.5796520784624761
-0.5464449075645667
-0.5339316404681567
-0.6476925606954497
-0.6021430916184345
-0.5997140056861806
-0.5603750251354144
-0.5217442900390729
-0.579384364531618
-0.6631154645625466
-0.5551219726808495
-0.5152805778742113
-0.5591290287096848
-0.6044268083626063
-0.5603750251354144
-0.5334654331901991
-0.6171930438678058
-0.5866907634456058
-0.605551089497832
-0.5843060338465218
-0.5554926252576192
-0.5645612898197254
-0.58323103384872
-0.5703465940944417
-0.579384364531618
-0.5779070327443434
-0.5703465940944417
-0.573517410174646
-0.6316532465085251
-0.5613818614335804
-0.49120570772351885
-0.6486450553314761
-0.6170035102960522
-0.5843060338465218
-0.6006168346436165
-0.5679287940075736
-0.5516225310481003
-0.6021430916184345
-0.48281735965989586
-0.5912014291116564
-0.5861720793088998
-0.5613818614335804
-0.6021430916184345
-0.6781799211975141
-0.6728406114350909
-0.5679287940075736
-0.679128202728456
-0.6181186793535218
-0.5956103317166956
-0.6549523418151992
-0.6408097468721865
-0.6300003910183645
-0.6021430916184345
-0.5939296571383326
-0.5744911548542854
-0.5667273757136578
-0.5939296571383326
-0.5962007611358312
-0.6543097959929667
-0.5607316201053961
-0.6492440275906235
-0.579384364531618
-0.6826270802272341
-0.6075187174469554
-0.5703465940944417
-0.6288437652998343
-0.5703465940944417
-0.6059186142724788
-0.579384364531618
-0.5176336996202926
-0.534565356054752
-0.5843060338465218
-0.6390082754175931
-0.6658630300442119
-0.6420610334748578
-0.58323103384872
-0.5771240914437447
-0.6096856763523057
-0.5913521604911104
-0.5725879843305487
-0.6082823605751932
-0.5447365460572939
-0.5668101358509713
-0.6185421622495794
-0.4615083223652918
-0.5583775898632867
-0.5701447549899002
-0.5936400707932594
-0.6075187174469554
-0.5261838427412664
-0.5703465940944417
-0.5583775898632867
-0.6512222666407383
-0.5669702539741641
-0.5942900787715663
-0.5041435039991792
-0.48588111304518405
-0.5516225310481003
-0.6288437652998343
-0.5866907634456058
-0.665647765133758
-0.6439218175548789
-0.6628519115532749
-0.5598523482109097
-0.6220741264046481
-0.5936033569305218
-0.4660091694230754
-0.6082319728162199
-0.5603750251354144
-0.6082319728162199
-0.5489140772702522
-0.5912014291116564
-0.5014185704549428
-0.6173738823736664
-0.671097336068724
-0.6044268083626063
-0.5540481310702022
-0.5805705623783632
-0.5796520784624761
-0.6171930438678058
-0.6288437652998343
-0.629311420264922
-0.6312845826638448
-0.6117565525440252
-0.6702496116400503
-0.5942588044053306
-0.5777969230124772
-0.6185421622495794
-0.5946502446573242
-0.6282014397612969
-0.5603750251354144
-0.588881145617924
-0.6331550027624269
-0.534565356054752
-0.5598523482109097
-0.6818368139819452
-0.6674729242612426
-0.6791401545113617
-0.5386000552709129
-0.5794923163980037
-0.5946006201618811
-0.6401823300977061
-0.6117565525440252
-0.6355110643815776
-0.6185421622495794
-0.58323103384872
-0.534565356054752
-0.5771240914437447
-0.6404824343992609
-0.5842100393571843
-0.6082823605751932
-0.5744911548542854
-0.5939296571383326
-0.6006168346436165
-0.6390082754175931
-0.5866873623998756
-0.6082823605751932
-0.5905820834112072
-0.5776371535915753
-0.6314467742517034
-0.5905820834112072
-0.5911028885834603
-0.6170035102960522
-0.6326975398787255
-0.5874170863195808
-0.5261838427412664
-0.5389717376371606
-0.5495886774398147
-0.5789147251743365
-0.5675607379158714
-0.5679287940075736
-0.5031467087328436
-0.6119675060881636
-0.6322017629373448
-0.5401474542567589
-0.579384364531618
-0.5613818614335804
-0.7265090701892597
-0.5401474542567589
-0.6156009790474697
-0.5217442900390729
-0.579384364531618
-0.579384364531618
-0.5744911548542854
-0.534863715073993
-0.46647379386150106
-0.6025988273864149
-0.6210664463605148
-0.6245012971711104
-0.5928767742281035
-0.5874170863195808
-0.6288437652998343
-0.5647913966881077
-0.5838261126165122
-0.6421276938246944
-0.6088323238296393
-0.6923110596697168
-0.696107967815036
-0.5898012665026825
-0.6006168346436165
-0.573517410174646
-0.6082823605751932
-0.6838242500635625
-0.6929226778565479
-0.6838242500635625
-0.6903434033350654
-0.6853486940749958
-0.6305729945792679
-0.6900117280434026
-0.6981942181459125
-0.6565906792256461
-0.6929226778565479
-0.6662601432058969
-0.6603796594779291
-0.6662601432058969
-0.6192769587908822
-0.6929226778565479
-0.6838242500635625
-0.6909470631004665
-0.6916087708468823
-0.6122347528057164
-0.6087557407291022
-0.6113235013406829
-0.6683417524713642
-0.44295093295301596
-0.573517410174646
-0.5866873623998756
-0.6383465624674006
-0.6808250030738062
-0.6625289772038635
-0.6201619227900468
-0.6603796594779291
-0.6417463495622648
-0.5838261126165122
-0.6109904274571649
-0.5603750251354144
-0.6489085600696426
-0.6567723640759656
-0.6903434033350654
-0.6049395627263754
-0.6916087708468823
-0.6621819052844524
-0.6929226778565479
-0.6909880930109147
-0.6606771256600972
-0.6941575474354367
-0.6367822934987454
-0.5777969230124772
-0.6053644234455688
-0.6288437652998343
-0.7472237160264994
-0.6401823300977061
-0.6603796594779291
-0.6164802188345522
-0.5866598927259095
-0.6475684855668067
-0.6082319728162199
-0.5275496341050675
-0.5679287940075736
-0.6248113348431714
-0.6922949078176812
-0.6838242500635625
-0.6929226778565479
-0.6606771256600972
-0.7045672941876605
-0.6903434033350654
-0.6882502820633732
-0.6805580237334582
-0.599705593530753
-0.6916087708468823
-0.6929226778565479
-0.6929226778565479
-0.6909880930109147
-0.6089915006682288
-0.6591226679927835
-0.6621819052844524
-0.6864922975164549
-0.599705593530753
-0.6154170812996763
-0.5895944490177125
-0.6556593647602268
-0.6604048421460539
-0.6787643690154687
-0.7047844289112242
-0.6837620681518704
-0.6550780514003534
-0.5779070327443434
-0.6111010117642673
-0.5779070327443434
-0.5703465940944417
-0.5838261126165122
-0.6421276938246944
-0.5874170863195808
-0.6929226778565479
-0.6903434033350654
-0.6656591957715744
-0.6838242500635625
-0.6929226778565479
-0.6838242500635625
-0.668707756453813
-0.6929226778565479
-0.6619812890712442
-0.6707937264171945
-0.6929226778565479
-0.638964242730821
-0.5703465940944417
-0.6421276938246944
-0.5866873623998756
-0.599705593530753
-0.6353790944938235
-0.5603750251354144
-0.6344421784835644
-0.6988293529854533
-0.6278408056388908
-0.6922949078176812
-0.6805580237334582
-0.6491067786250652
-0.6838242500635625
-0.6838242500635625
-0.6929226778565479
-0.6923110596697168
-0.6916087708468823
-0.6838242500635625
-0.6916087708468823
-0.6838242500635625
-0.6693586827868593
-0.6923110596697168
-0.6838242500635625
-0.6434045600430203
-0.6988200737550573
-0.6433505357268077
-0.6256793377152583
-0.5796520784624761
-0.6169197068005698
-0.6556593647602268
-0.672648173751884
-0.6556593647602268
-0.5516225310481003
-0.6591226679927835
-0.6988293529854533
-0.5703465940944417
-0.599705593530753
-0.5866873623998756
-0.6082319728162199
-0.5613818614335804
-0.6122347528057164
-0.6606771256600972
-0.6619812890712442
-0.7090282259077386
-0.6838242500635625
-0.5946502446573242
-0.6662601432058969
-0.6787643690154687
-0.6929226778565479
-0.6805762268468145
-0.6838242500635625
-0.6708114700991905
-0.626001301742965
-0.6708114700991905
-0.6916087708468823
-0.6591226679927835
-0.6495891922995753
-0.6838242500635625
-0.6916087708468823
-0.6288437652998343
-0.5801014933948979
-0.6488395590495286
-0.5955355052144125
-0.5920219008554476
-0.5939296571383326
-0.6519630437406977
-0.6693586827868593
-0.6894857891228765
-0.6556593647602268
-0.6606771256600972
-0.5703465940944417
-0.5703465940944417
-0.6204984674921279
-0.5703465940944417
-0.6929226778565479
-0.6838242500635625
-0.6838242500635625
-0.6749843263120201
-0.6707937264171945
-0.6603796594779291
-0.6403876179018397
-0.6331897465542952
-0.6635865958053029
-0.6475684855668067
-0.6427018081870555
-0.6929226778565479
-0.6795826638023403
-0.6468441582712674
-0.6916087708468823
-0.6708114700991905
-0.6201619227900468
-0.5874170863195808
-0.5898012665026825
-0.5516225310481003
-0.5866873623998756
-0.6114679211398683
-0.5256990489535557
-0.6044268083626063
-0.6072754221365161
-0.6114679211398683
-0.6603796594779291
-0.6839692582374727
-0.6894857891228765
-0.5866598927259095
-0.5866598927259095
-0.6838242500635625
-0.6708114700991905
-0.6663396791002306
-0.6192769587908822
-0.6929226778565479
-0.6929226778565479
-0.6882502820633732
-0.6929226778565479
-0.6916087708468823
-0.6668640153777676
-0.6929226778565479
-0.6916087708468823
-0.602750925871788
-0.6427018081870555
-0.6922949078176812
-0.6214063361801289
-0.6922949078176812
-0.6567723640759656
-0.6882502820633732
-0.657093322907782
-0.6633493030594211
-0.6838242500635625
-0.6929226778565479
-0.6708114700991905
-0.6903434033350654
-0.6526172962661574
-0.6250348572217944
-0.5946502446573242
-0.6625289772038635
-0.6697615274258992
-0.6264397138875203
-0.6122347528057164
-0.566050420344393
-0.6169197068005698
-0.5386589577685785
-0.6565906792256461
-0.5796520784624761
-0.6707937264171945
-0.7186455034583701
-0.6250348572217944
-0.6284741790871118
-0.6149020794987049
-0.5930404046898158
-0.5956103317166956
-0.6103914915593841
-0.7186455034583701
-0.6903434033350654
-0.6916087708468823
-0.6916087708468823
-0.616888084736566
-0.6513368183213951
-0.690891141171715
-0.6929226778565479
-0.6929226778565479
-0.6838242500635625
-0.6591226679927835
-0.6929226778565479
-0.7045672941876605
-0.7045672941876605
-0.6123636564149494
-0.7186455034583701
-0.6022878715965807
-0.6838242500635625
-0.6619812890712442
-0.6566186477423532
-0.6444670668497456
-0.6136020083749754
-0.666936584126168
-0.5794253785486605
-0.6427018081870555
-0.5455596988699741
-0.6838242500635625
-0.6929226778565479
-0.6603792350718027
-0.6845171735185233
-0.6023368336380048
-0.6268134371210179
-0.6403876179018397
-0.6916087708468823
-0.6664953380009012
-0.6929226778565479
-0.6717943100548022
-0.6903434033350654
-0.6929226778565479
-0.6929226778565479
-0.6882502820633732
-0.7132241678643821
-0.6916087708468823
-0.629107949331326
-0.6929226778565479
-0.6929226778565479
-0.6929226778565479
-0.6929226778565479
-0.6749843263120201
-0.6268920479559551
-0.6916087708468823
-0.5946502446573242
-0.6587010937727096
-0.6380109459234462
-0.6164802188345522
-0.5796520784624761
-0.5703465940944417
-0.7047844289112242
-0.6603796594779291
-0.5703465940944417
-0.6103914915593841
-0.6414481327404448
-0.6701059305367626
-0.6767779378686964
-0.6929226778565479
-0.6916087708468823
-0.6621819052844524
-0.6404824343992609
-0.6707937264171945
-0.6909880930109147
-0.6909880930109147
-0.6708114700991905
-0.6929226778565479
-0.6603796594779291
-0.6838242500635625
-0.6427929848070775
-0.6707937264171945
-0.6922949078176812
-0.6929226778565479
-0.6454017812893442
-0.5204587726395777
-0.7146551205028048
-0.5134119826225475
-0.562603913561147
-0.6958304667532773
-0.609366619035583
-0.594801835651797
-0.5645736849215427
-0.7148252494228611
-0.5841072346079874
-0.6118582274142446
-0.6798071323490408
