-0.6017505719207104
-0.6437082611071892
-0.38268470786294395
-0.49527827304855837
-0.4325248804743415
-0.3948027310695224
-0.43900490699734435
-0.38136453241203694
-0.6186697715680223
-0.6085910057961468
-0.37234030761196485
-0.38136453241203694
-0.4559532671043361
-0.4325248804743415
-0.5628918348987839
-0.3819687401417906
-0.3720482537278487
-0.3948027310695224
-0.3930427003544837
-0.6537436056218928
-0.6186697715680223
-0.5896187871300518
-0.370779154280405
-0.3948027310695224
-0.48242988932805086
-0.5711791011332795
-0.3948027310695224
-0.38498784234616684
-0.3574488365671213
-0.4817531440684398
-0.5554820970021361
-0.44392009664093757
-0.6343448950475619
-0.4325248804743415
-0.46708936238208115
-0.5600446210854222
-0.3639085318728826
-0.409475412321028
-0.6191040344626879
-0.3819687401417906
-0.5541848506327239
-0.37234030761196485
-0.5941720898021573
-0.38136453241203694
-0.3574488365671213
-0.4018875458363939
-0.3948027310695224
-0.5096622625716161
-0.3948027310695224
-0.3948027310695224
-0.6433034055632187
-0.3810862451529889
-0.36838408525716027
-0.3574488365671213
-0.5335917707275699
-0.3948027310695224
-0.3948027310695224
-0.3574488365671213
-0.3574488365671213
-0.38268470786294395
-0.4623398029613164
-0.36838408525716027
-0.39660076320445603
-0.6253342988550106
-0.6017943547420204
-0.6368418265640869
-0.4312868835342113
-0.6017943547420204
-0.4595191575597936
-0.5780137178135475
-0.5639631636581349
-0.4194695385364003
-0.42133958888578305
-0.4325248804743415
-0.5904396729879527
-0.4325248804743415
-0.5061152048877114
-0.6017943547420204
-0.6017943547420204
-0.4762437249724399
-0.3952259014582365
-0.5387436493429988
-0.5723584685177688
-0.38268470786294395
-0.36838408525716027
-0.3574488365671213
-0.5462507226138721
-0.369456903519929
-0.3574488365671213
-0.38268470786294395
-0.3930427003544837
-0.4511651956945757
-0.38136453241203694
-0.4165689486239194
-0.459122592668395
-0.48868733257158065
-0.38268470786294395
-0.3810862451529889
-0.36838408525716027
-0.43824465247492533
-0.36199977292440505
-0.38136453241203694
-0.39994897627441356
-0.5261924873689537
-0.3692288847695334
-0.4872086996609611
-0.38136453241203694
-0.4223484230698177
-0.38136453241203694
-0.38136453241203694
-0.36199977292440505
-0.37579318007365187
-0.3930427003544837
-0.4319119474601211
-0.5387436493429988
-0.37579318007365187
-0.3810862451529889
-0.4609048746681881
-0.3948027310695224
-0.5524157315948711
-0.4206616367629735
-0.3948027310695224
-0.370779154280405
-0.46708936238208115
-0.38136453241203694
-0.3948027310695224
-0.4675344976396478
-0.3930427003544837
-0.46708936238208115
-0.4284554603880115
-0.3948027310695224
-0.3993905894337032
-0.38136453241203694
-0.5639631636581349
-0.4319119474601211
-0.38268470786294395
-0.44999709051294967
-0.3930427003544837
-0.6341307265769764
-0.44029030242055234
-0.409475412321028
-0.39660076320445603
-0.38268470786294395
-0.6392102468957231
-0.6191040344626879
-0.45006544017450595
-0.44760172591470776
-0.38268470786294395
-0.6129296912367214
-0.6017943547420204
-0.369456903519929
-0.40742524811060526
-0.4018875458363939
-0.4018875458363939
-0.5743743424936347
-0.369456903519929
-0.4319600584845582
-0.46708936238208115
-0.6249364377352469
-0.6187505407551216
-0.48868733257158065
-0.36838408525716027
-0.6606795489908884
-0.4348172926597161
-0.3948027310695224
-0.5628918348987839
-0.6391899817414758
-0.5289891313711788
-0.43347078366546615
-0.4889183372524399
-0.3810862451529889
-0.43347078366546615
-0.4216091752828714
-0.5317844864685158
-0.369456903519929
-0.4284554603880115
-0.39994897627441356
-0.3948027310695224
-0.3948027310695224
-0.3948027310695224
-0.4595191575597936
-0.6341307265769764
-0.6929908619673696
-0.5896187871300518
-0.38432280126200125
-0.5902700075397809
-0.4131512007891506
-0.45006544017450595
-0.39994897627441356
-0.38136453241203694
-0.38136453241203694
-0.3948027310695224
-0.4059882202312276
-0.3948027310695224
-0.3810862451529889
-0.7864798773665049
-0.42123061902310294
-0.5941720898021573
-0.3948027310695224
-0.38136453241203694
-0.3692288847695334
-0.38136453241203694
-0.38136453241203694
-0.3574488365671213
-0.5170387867595787
-0.3574488365671213
-0.39994897627441356
-0.3992390546518587
-0.3574488365671213
-0.6249364377352469
-0.4623398029613164
-0.3881053120472694
-0.5387436493429988
-0.38498784234616684
-0.3948027310695224
-0.4794675385233412
-0.46708936238208115
-0.42051094744794193
-0.6658778170456782
-0.370779154280405
-0.6631384213452992
-0.5618754108954812
-0.6973977198272585
-0.5845417956034608
-0.6033541192486239
-0.6417179150426489
-0.6186697715680223
-0.5900404016005836
-0.5536958651660246
-0.5141758756047802
-0.6138640916335242
-0.6017943547420204
-0.6098680181324618
-0.6417179150426489
-0.5307277324391951
-0.580760009382014
-0.45450339591274624
-0.507380407697853
-0.5896187871300518
-0.5845417956034608
-0.5387436493429988
-0.5564927070096802
-0.4441143005313747
-0.5888615307362092
-0.7690065368335444
-0.5867340501296946
-0.6530907747635415
-0.4727118605360509
-0.6174486407423153
-0.4530952722081043
-0.44736507920498086
-0.4441143005313747
-0.5350498895523998
-0.5389560972664069
-0.5723584685177688
-0.6098680181324618
-0.5524157315948711
-0.5888615307362092
-0.5814254901814808
-0.6368418265640869
-0.6391899817414758
-0.6017943547420204
-0.7206756038343117
-0.5173663734358078
-0.619102963238976
-0.6098680181324618
-0.5888615307362092
-0.5723584685177688
-0.6391899817414758
-0.5827813197213781
-0.47993096868696034
-0.5888615307362092
-0.6098680181324618
-0.7705690199261863
-0.5524157315948711
-0.7674472219884593
-0.6508843429594201
-0.7031958108123322
-0.44736507920498086
-0.5888615307362092
-0.6578840377292061
-0.6199578966633752
-0.4530952722081043
-0.44392009664093757
-0.619102963238976
-0.6368418265640869
-0.6642336351212205
-0.5900404016005836
-0.63042596304738
-0.43519988650080005
-0.4325248804743415
-0.6691137709203077
-0.6027701469364719
-0.6054849935883918
-0.6600108977400457
-0.5867340501296946
-0.6784760931461468
-0.6478182732289346
-0.5462507226138721
-0.644793689845551
-0.6721163589898987
-0.5251981328292975
-0.5867340501296946
-0.4325248804743415
-0.6168846139092037
-0.6599089651931846
-0.5776715604511322
-0.4326777590910618
-0.4325248804743415
-0.471286189332078
-0.4326777590910618
-0.5831723609567553
-0.4325248804743415
-0.43900490699734435
-0.4326777590910618
-0.4632054941338965
-0.6174486407423153
-0.4573500357723765
-0.575477103948957
-0.4326777590910618
-0.6021219417336299
-0.4511651956945757
-0.4267471745781468
-0.4284370601631992
-0.4326777590910618
-0.40742524811060526
-0.4325248804743415
-0.7410296395233493
-0.3930427003544837
-0.5600446210854222
-0.5731384527647527
-0.459122592668395
-0.39847386770399634
-0.39660076320445603
-0.3574488365671213
-0.5628918348987839
-0.38038319362040596
-0.5462507226138721
-0.5173663734358078
-0.38268470786294395
-0.5467701917355288
-0.5896187871300518
-0.6138640916335242
-0.5214445832613076
-0.5941720898021573
-0.6017943547420204
-0.42123061902310294
-0.39847386770399634
-0.5845417956034608
-0.4059882202312276
-0.3993905894337032
-0.5639631636581349
-0.5639631636581349
-0.6017943547420204
-0.38136453241203694
-0.38237856322854713
-0.4059882202312276
-0.6202047300871365
-0.5867340501296946
-0.5965625024278199
-0.45993001412102935
-0.6033541192486239
-0.44029030242055234
-0.4165689486239194
-0.3948027310695224
-0.4511651956945757
-0.6017943547420204
-0.38136453241203694
-0.39664164615571396
-0.3692288847695334
-0.619102963238976
-0.5867340501296946
-0.4472777502041524
-0.6724517800139848
-0.6786281244105971
-0.5655538985832288
-0.3948027310695224
-0.45772296164035
-0.5723584685177688
-0.38136453241203694
-0.5965625024278199
-0.4284554603880115
-0.38268470786294395
-0.38136453241203694
-0.369456903519929
-0.5780137178135475
-0.5141758756047802
-0.5524157315948711
-0.38268470786294395
-0.38136453241203694
-0.369456903519929
-0.3948027310695224
-0.39664164615571396
-0.38268470786294395
-0.4237809753164099
-0.39660076320445603
-0.5900404016005836
-0.38136453241203694
-0.5774817273398031
-0.3639085318728826
-0.7219480482451945
-0.6271728193187162
-0.45772296164035
-0.3930427003544837
-0.3948027310695224
-0.4622287707233083
-0.3810862451529889
-0.41418769216423196
-0.3720482537278487
-0.39660076320445603
-0.3639085318728826
-0.38268470786294395
-0.3810862451529889
-0.3810862451529889
-0.6341307265769764
-0.38136453241203694
-0.38268470786294395
-0.3948027310695224
-0.3639085318728826
-0.3948027310695224
-0.38268470786294395
-0.4642003886189781
-0.3948027310695224
-0.5387436493429988
-0.39664164615571396
-0.5900404016005836
-0.6392102468957231
-0.6249364377352469
-0.6044580200161417
-0.6017505719207104
-0.6391899817414758
-0.6587383588131706
-0.5691691160847092
-0.7129527029407268
-0.4284370601631992
-0.668888483424213
-0.5867340501296946
-0.5904396729879527
-0.38268470786294395
-0.5902700075397809
-0.5272829029872704
-0.3639085318728826
-0.3574488365671213
-0.37234030761196485
-0.38136453241203694
-0.38498784234616684
-0.38136453241203694
-0.662132565359489
-0.3930427003544837
-0.5497348417679087
-0.3903103287945273
-0.3948027310695224
-0.4855027187135748
-0.4059882202312276
-0.38136453241203694
-0.3948027310695224
-0.6017943547420204
-0.6249364377352469
-0.5781754499514421
-0.5965625024278199
-0.5971596144363336
-0.6249364377352469
-0.5845417956034608
-0.48242988932805086
-0.4845737494668966
-0.39847386770399634
-0.502799477614843
-0.5141758756047802
-0.5628918348987839
-0.5618373824026054
-0.3720482537278487
-0.3948027310695224
-0.370779154280405
-0.38136453241203694
-0.3948027310695224
-0.45993001412102935
-0.369456903519929
-0.38268470786294395
-0.38268470786294395
-0.4024159966383654
-0.5971596144363336
-0.5691691160847092
-0.6056974517930233
-0.5965625024278199
-0.5061152048877114
-0.5541848506327239
-0.6424463412858511
-0.6508843429594201
-0.6168846139092037
-0.39847386770399634
-0.3903103287945273
-0.5902700075397809
-0.38136453241203694
-0.3948027310695224
-0.369456903519929
-0.5077184594161525
-0.6130903973342644
-0.5061152048877114
-0.5387436493429988
-0.4622287707233083
-0.3930427003544837
-0.38038319362040596
-0.38498784234616684
-0.44760172591470776
-0.4059882202312276
-0.5641891127789279
-0.370779154280405
-0.3692288847695334
-0.3948027310695224
-0.36838408525716027
-0.38136453241203694
-0.45772296164035
-0.42123061902310294
-0.38268470786294395
-0.4842041694212537
-0.3574488365671213
-0.3930427003544837
-0.6530333819565062
-0.4284554603880115
-0.3930427003544837
-0.4223484230698177
-0.36838408525716027
-0.44760172591470776
-0.38136453241203694
-0.4237809753164099
-0.3819687401417906
-0.38268470786294395
-0.45772296164035
-0.38136453241203694
-0.3930427003544837
-0.38136453241203694
-0.3692288847695334
-0.38268470786294395
-0.369456903519929
-0.3948027310695224
-0.45772296164035
-0.37579318007365187
-0.3948027310695224
-0.370779154280405
-0.38038319362040596
-0.38432280126200125
-0.6850657681508786
-0.4284370601631992
-0.42133958888578305
-0.5780137178135475
-0.5941720898021573
-0.6368418265640869
-0.5108996699033812
-0.3930427003544837
-0.5628918348987839
-0.38136453241203694
-0.38136453241203694
-0.46576397332650865
-0.56073319719672
-0.3948027310695224
-0.3948027310695224
-0.3574488365671213
-0.4059882202312276
-0.3948027310695224
-0.3948027310695224
-0.44760172591470776
-0.38268470786294395
-0.38038319362040596
-0.42123061902310294
-0.3930427003544837
-0.3639085318728826
-0.3948027310695224
-0.38136453241203694
-0.3930427003544837
-0.4530952722081043
-0.38136453241203694
-0.38136453241203694
-0.5061746845430465
-0.4532332209701908
-0.3948027310695224
-0.3930427003544837
-0.38268470786294395
-0.38136453241203694
-0.369456903519929
-0.38136453241203694
-0.4216091752828714
-0.3948027310695224
-0.5941720898021573
-0.5904396729879527
-0.38136453241203694
-0.370779154280405
-0.38268470786294395
-0.5737032337681216
-0.41418769216423196
-0.38136453241203694
-0.5011815164239108
-0.36838408525716027
-0.7158351277390803
-0.4623398029613164
-0.38237856322854713
-0.4223484230698177
-0.3903103287945273
-0.3930427003544837
-0.3948027310695224
-0.369456903519929
-0.4237809753164099
-0.450455894728884
-0.3810862451529889
-0.3948027310695224
-0.39847386770399634
-0.3930427003544837
-0.369456903519929
-0.3993905894337032
-0.3574488365671213
-0.3948027310695224
-0.36199977292440505
-0.39994897627441356
-0.38268470786294395
-0.4112349035809884
-0.38038319362040596
-0.3930427003544837
-0.38136453241203694
-0.4223484230698177
-0.4223484230698177
-0.38136453241203694
-0.3948027310695224
-0.44760172591470776
-0.4112349035809884
-0.4059882202312276
-0.3930427003544837
-0.44760172591470776
-0.3948027310695224
-0.5061746845430465
-0.39660076320445603
-0.3639085318728826
-0.4432547398447946
-0.3720482537278487
-0.6391899817414758
-0.6191040344626879
-0.62953290773238
-0.6191040344626879
-0.6343448950475619
-0.591508150299555
-0.3992390546518587
-0.3819687401417906
-0.3930427003544837
-0.5198976047288825
-0.40742524811060526
-0.37579318007365187
-0.4223484230698177
-0.38136453241203694
-0.38136453241203694
-0.4059882202312276
-0.4284554603880115
-0.3948027310695224
-0.38136453241203694
-0.4880123365464017
-0.38237856322854713
-0.3810862451529889
-0.3952259014582365
-0.3574488365671213
-0.4165689486239194
-0.40742524811060526
-0.4223484230698177
-0.3692288847695334
-0.5524157315948711
-0.3810862451529889
-0.6115101223077979
-0.4319119474601211
-0.3639085318728826
-0.3930427003544837
-0.3639085318728826
-0.369456903519929
-0.38136453241203694
-0.41145313358929325
-0.5109244423306246
-0.3930427003544837
-0.4237809753164099
-0.38136453241203694
-0.45772296164035
-0.3692288847695334
-0.5547994463111705
-0.3930427003544837
-0.3810862451529889
-0.3810862451529889
-0.3810862451529889
-0.4059882202312276
-0.370779154280405
-0.6696777300183646
-0.3574488365671213
-0.4059882202312276
-0.38038319362040596
-0.39664164615571396
-0.3810862451529889
-0.6341307265769764
-0.5845417956034608
-0.6174486407423153
-0.45993001412102935
-0.6239814732030098
-0.48439751898633543
-0.370779154280405
-0.4216091752828714
-0.3692288847695334
-0.36838408525716027
-0.44760172591470776
-0.3948027310695224
-0.6708074548186419
-0.3928945003385849
-0.5014995337349403
-0.45450339591274624
-0.6017943547420204
-0.5965625024278199
-0.5902700075397809
-0.38136453241203694
-0.5655538985832288
-0.6392102468957231
-0.5027336714147294
-0.5902700075397809
-0.5723584685177688
-0.7432033106948214
-0.6166037307612107
-0.5845417956034608
-0.6391899817414758
-0.5359289978755956
-0.5359289978755956
-0.473829507123635
-0.5049203669526947
-0.6010852345453197
-0.43347078366546615
-0.7619440654068952
-0.7035925676322339
-0.68978612269957
-0.38498784234616684
-0.5524157315948711
-0.43550104011174806
-0.45006544017450595
-0.3993905894337032
-0.41145313358929325
-0.450455894728884
-0.5902700075397809
-0.4284554603880115
-0.49545045591321674
-0.5208450306667151
-0.3819687401417906
-0.38268470786294395
-0.369456903519929
-0.370779154280405
-0.3948027310695224
-0.3930427003544837
-0.409475412321028
-0.3881053120472694
-0.4223484230698177
-0.3948027310695224
-0.5197339235273006
-0.369456903519929
-0.45772296164035
-0.3948027310695224
-0.475913888779974
-0.3881053120472694
-0.4319600584845582
-0.3720482537278487
-0.5210425007999101
-0.4059882202312276
-0.3574488365671213
-0.3810862451529889
-0.3992390546518587
-0.39994897627441356
-0.38136453241203694
-0.38038319362040596
-0.37234030761196485
-0.36199977292440505
-0.38237856322854713
-0.38268470786294395
-0.38432280126200125
-0.38136453241203694
-0.5691691160847092
-0.5061152048877114
-0.637327626157107
-0.484061503250324
-0.5639631636581349
-0.4625794540760035
-0.4675344976396478
-0.4760054218014605
-0.7363899933129358
-0.5618754108954812
-0.5197339235273006
-0.5628918348987839
-0.5061152048877114
-0.40125988485174646
-0.38268470786294395
-0.38136453241203694
-0.38498784234616684
-0.3574488365671213
-0.5769580862122842
-0.38268470786294395
-0.38136453241203694
-0.38432280126200125
-0.3720482537278487
-0.38038319362040596
-0.3692288847695334
-0.6166037307612107
-0.40125988485174646
-0.39994897627441356
-0.7644453299066387
-0.6168846139092037
-0.6508843429594201
-0.5941720898021573
-0.5061152048877114
-0.6405888000689519
-0.39847386770399634
-0.3639085318728826
-0.3810862451529889
-0.38136453241203694
-0.3930427003544837
-0.38136453241203694
-0.3948027310695224
-0.4266927040066112
-0.37234030761196485
-0.370779154280405
-0.37579318007365187
-0.38237856322854713
-0.38237856322854713
-0.5941720898021573
-0.3574488365671213
-0.3948027310695224
-0.49304442340648785
-0.4923372825962547
-0.3930427003544837
-0.3720482537278487
-0.6613296601788847
-0.4319600584845582
-0.3639085318728826
-0.42123061902310294
-0.3930427003544837
-0.369456903519929
-0.38268470786294395
-0.3948027310695224
-0.3992390546518587
-0.3948027310695224
-0.38136453241203694
-0.5777093229810355
-0.5962341947214704
-0.5628918348987839
-0.6368418265640869
-0.4857984435300322
-0.4857984435300322
-0.5511211882123765
-0.4884026442358824
-0.45993001412102935
-0.39994897627441356
-0.6341307265769764
-0.5628918348987839
-0.38136453241203694
-0.5422338666010554
-0.3948027310695224
-0.38268470786294395
-0.36199977292440505
-0.38136453241203694
-0.3692288847695334
-0.36199977292440505
-0.5524157315948711
-0.45031034665583364
-0.3639085318728826
-0.5808258718309905
-0.6166037307612107
-0.4573500357723765
-0.5083601149881235
-0.5034728396502732
-0.4237809753164099
-0.38432280126200125
-0.42133958888578305
-0.38136453241203694
-0.369456903519929
-0.5115731074539361
-0.3948027310695224
-0.3948027310695224
-0.6017943547420204
-0.3948027310695224
-0.4690063974840253
-0.38237856322854713
-0.38237856322854713
-0.46708936238208115
-0.3574488365671213
-0.38136453241203694
-0.3948027310695224
-0.4284554603880115
-0.4059882202312276
-0.38136453241203694
-0.36838408525716027
-0.38136453241203694
-0.39660076320445603
-0.3930427003544837
-0.3930427003544837
-0.5466397339068886
-0.38136453241203694
-0.4112349035809884
-0.6020059232340229
-0.5168180994864916
-0.5809311211172032
-0.45772296164035
-0.3948027310695224
-0.38268470786294395
-0.38268470786294395
-0.41145313358929325
-0.370779154280405
-0.3948027310695224
-0.4341451028101389
-0.370779154280405
-0.3574488365671213
-0.3948027310695224
-0.369456903519929
-0.38268470786294395
-0.3948027310695224
-0.39847386770399634
-0.3574488365671213
-0.4223484230698177
-0.38136453241203694
-0.3948027310695224
-0.3574488365671213
-0.3819687401417906
-0.3948027310695224
-0.4161601846547571
-0.38498784234616684
-0.3948027310695224
-0.3930427003544837
-0.5737032337681216
-0.5968974616071432
-0.5737032337681216
-0.5689188612109491
-0.6343448950475619
-0.5538880614980785
-0.39994897627441356
-0.5436141098431894
-0.5691691160847092
-0.39994897627441356
-0.5908509697023504
-0.5289891313711788
-0.5339397156169049
-0.591508150299555
-0.41418769216423196
-0.3948027310695224
-0.38498784234616684
-0.38268470786294395
-0.38268470786294395
-0.5077637952954677
-0.46825565566342453
-0.38136453241203694
-0.3948027310695224
-0.409475412321028
-0.3948027310695224
-0.4715883537448441
-0.38498784234616684
-0.3720482537278487
-0.3930427003544837
-0.5061152048877114
-0.5524157315948711
-0.3930427003544837
-0.37234030761196485
-0.4223484230698177
-0.4216091752828714
-0.43824465247492533
-0.3930427003544837
-0.38268470786294395
-0.49624065554162095
-0.4319119474601211
-0.3720482537278487
-0.3930427003544837
-0.38268470786294395
-0.36199977292440505
-0.3948027310695224
-0.4341451028101389
-0.38268470786294395
-0.45772296164035
-0.5941720898021573
-0.3881053120472694
-0.6736842745745414
-0.3948027310695224
-0.38136453241203694
-0.4223484230698177
-0.4284554603880115
-0.3881053120472694
-0.38136453241203694
-0.7670357753301549
-0.5902700075397809
-0.5845417956034608
-0.5422338666010554
-0.6138640916335242
-0.6405888000689519
-0.5497348417679087
-0.42123061902310294
-0.7211780477967465
-0.409475412321028
-0.5497348417679087
-0.4625794540760035
-0.45993001412102935
-0.5537901424422212
-0.3948027310695224
-0.38268470786294395
-0.5655538985832288
-0.6030313380341008
-0.6341307265769764
-0.36199977292440505
-0.459122592668395
-0.5966906492591494
-0.369456903519929
-0.7270386246062411
-0.6665111076455424
-0.38136453241203694
-0.38136453241203694
-0.4284554603880115
-0.3948027310695224
-0.38136453241203694
-0.43550104011174806
-0.370779154280405
-0.3948027310695224
-0.5737032337681216
-0.6309222644897637
-0.4284554603880115
-0.370779154280405
-0.4284554603880115
-0.38136453241203694
-0.4678446694185117
-0.6368418265640869
-0.5941720898021573
-0.6975993144825537
-0.5845417956034608
-0.5658622111795981
-0.409475412321028
-0.5755138963372441
-0.473829507123635
-0.40742524811060526
-0.5723584685177688
-0.3720482537278487
-0.4284554603880115
-0.3930427003544837
-0.3639085318728826
-0.38237856322854713
-0.6168846139092037
-0.4934109814177996
-0.36838408525716027
-0.44760172591470776
-0.3692288847695334
-0.38136453241203694
-0.5618373824026054
-0.6136981099889699
-0.5348594615077571
-0.369456903519929
-0.4059882202312276
-0.38498784234616684
-0.38136453241203694
-0.3930427003544837
-0.3574488365671213
-0.547513866212062
-0.6168846139092037
-0.44783639244304135
-0.4131512007891506
-0.42133958888578305
-0.38237856322854713
-0.38498784234616684
-0.44999709051294967
-0.3692288847695334
-0.3948027310695224
-0.4068371797139799
-0.6166037307612107
-0.6166037307612107
-0.6191040344626879
-0.5971596144363336
-0.7115702864667193
-0.4165689486239194
-0.5862749768541025
-0.7122597072446695
-0.38038319362040596
-0.38136453241203694
-0.3948027310695224
-0.4880123365464017
-0.6166037307612107
-0.38268470786294395
-0.38136453241203694
-0.39994897627441356
-0.4266927040066112
-0.3948027310695224
-0.38498784234616684
-0.38136453241203694
-0.3930427003544837
-0.36838408525716027
-0.3930427003544837
-0.38498784234616684
-0.4284554603880115
-0.6484189563723135
-0.6411308310673859
-0.5723584685177688
-0.3948027310695224
-0.38268470786294395
-0.38268470786294395
-0.5559417654297045
-0.738772031468419
-0.6027701469364719
-0.46371302231680517
-0.6069464700360176
-0.3948027310695224
-0.38038319362040596
-0.5965625024278199
-0.43550104011174806
-0.39847386770399634
-0.6602755193774013
-0.38268470786294395
-0.4319600584845582
-0.4267471745781468
-0.38268470786294395
-0.6166015013345869
-0.38268470786294395
-0.38136453241203694
-0.38268470786294395
-0.3930427003544837
-0.3574488365671213
-0.47123208840392716
-0.5639631636581349
-0.4727118605360509
-0.42123061902310294
-0.6606795489908884
-0.4690063974840253
-0.3948027310695224
-0.39847386770399634
-0.4059882202312276
-0.48864905784315227
-0.4068371797139799
-0.39994897627441356
-0.4059882202312276
-0.38268470786294395
-0.45243375602575403
-0.3992390546518587
-0.37579318007365187
-0.38498784234616684
-0.38136453241203694
-0.5518180220012588
-0.4797761027532143
-0.4797761027532143
-0.3948027310695224
-0.5988458199630379
-0.38268470786294395
-0.36838408525716027
-0.38498784234616684
-0.44760172591470776
-0.39994897627441356
-0.39994897627441356
-0.39847386770399634
-0.409475412321028
-0.6243162253154146
-0.4874740797322399
-0.4048659458019545
-0.38136453241203694
-0.6606795489908884
-0.3948027310695224
-0.3948027310695224
-0.4623398029613164
-0.4623398029613164
-0.3948027310695224
-0.5462507226138721
-0.6186697715680223
-0.6427595378059422
-0.6191040344626879
-0.5845417956034608
-0.6017943547420204
-0.6368418265640869
-0.39994897627441356
-0.44267051418601044
-0.3928945003385849
-0.45993001412102935
-0.48242988932805086
-0.3948027310695224
-0.3993905894337032
-0.45006544017450595
-0.41145313358929325
-0.5681660564913337
-0.36838408525716027
-0.3720482537278487
-0.41145313358929325
-0.36199977292440505
-0.5769580862122842
-0.3948027310695224
-0.38432280126200125
-0.38268470786294395
-0.4622287707233083
-0.39660076320445603
-0.6166037307612107
-0.36199977292440505
-0.4059882202312276
-0.3810862451529889
-0.3930427003544837
-0.3948027310695224
-0.3948027310695224
-0.46708936238208115
-0.6425824186319297
-0.3819687401417906
-0.38136453241203694
-0.39847386770399634
-0.369456903519929
-0.3639085318728826
-0.369456903519929
-0.5867340501296946
-0.6508843429594201
-0.619102963238976
-0.6017943547420204
-0.5737032337681216
-0.6168846139092037
-0.5376880766356997
-0.5618373824026054
-0.4781272710134204
-0.5302069542672488
-0.7379897520446804
-0.39847386770399634
-0.7045221566025631
-0.473829507123635
-0.36199977292440505
-0.38268470786294395
-0.4223484230698177
-0.3948027310695224
-0.3692288847695334
-0.38136453241203694
-0.507380407697853
-0.369456903519929
-0.478596042925248
-0.45993001412102935
-0.41145313358929325
-0.5208450306667151
-0.3948027310695224
-0.3930427003544837
-0.4206616367629735
-0.39664164615571396
-0.3930427003544837
-0.3720482537278487
-0.38136453241203694
-0.7527117158093029
-0.38136453241203694
-0.6166037307612107
-0.3930427003544837
-0.38498784234616684
-0.3819687401417906
-0.3810862451529889
-0.3948027310695224
-0.5723584685177688
-0.6324523349820772
-0.5115731074539361
-0.3819687401417906
-0.39994897627441356
-0.3948027310695224
-0.38268470786294395
-0.39664164615571396
-0.4284554603880115
-0.3720482537278487
-0.5061152048877114
-0.5941720898021573
-0.5941720898021573
-0.5470457243120608
-0.6844700340396971
-0.6191040344626879
-0.6168846139092037
-0.38136453241203694
-0.3930427003544837
-0.6317410993041679
-0.516579775391604
-0.4319119474601211
-0.3948027310695224
-0.3948027310695224
-0.7163208156862263
-0.3819687401417906
-0.5639631636581349
-0.38136453241203694
-0.44760172591470776
-0.6439580637734893
-0.38432280126200125
-0.369456903519929
-0.4284370601631992
-0.642452935585332
-0.3903103287945273
-0.5524157315948711
-0.6168846139092037
-0.6249364377352469
-0.5965625024278199
-0.6437103264345748
-0.5845417956034608
-0.648996986627469
-0.6653518841503671
-0.40125988485174646
-0.576060917857554
-0.5376880766356997
-0.5156732767183105
-0.36838408525716027
-0.3720482537278487
-0.4284554603880115
-0.4223484230698177
-0.4112349035809884
-0.4319119474601211
-0.4923705486556658
-0.38136453241203694
-0.3930427003544837
-0.4934109814177996
-0.37579318007365187
-0.4059882202312276
-0.3948027310695224
-0.5227322246228171
-0.38136453241203694
-0.4284554603880115
-0.3948027310695224
-0.3819687401417906
-0.5127669776108569
-0.5497348417679087
-0.48668256468692805
-0.39664164615571396
-0.3574488365671213
-0.3810862451529889
-0.4237809753164099
-0.3948027310695224
-0.38136453241203694
-0.5061152048877114
-0.409475412321028
-0.4826593642526866
-0.3819687401417906
-0.370779154280405
-0.369456903519929
-0.4018875458363939
-0.5731384527647527
-0.6222037448517448
-0.49790326883410957
-0.6684882289751787
-0.6653518841503671
-0.45772296164035
-0.3948027310695224
-0.3948027310695224
-0.3692288847695334
-0.6631384213452992
-0.5965625024278199
-0.619264729672949
-0.613500287069059
-0.613500287069059
-0.5827813197213781
-0.5202671532366591
-0.4471197230862406
-0.4165689486239194
-0.6532215142449341
-0.46576397332650865
-0.39994897627441356
-0.4760054218014605
-0.36199977292440505
-0.3952259014582365
-0.4472777502041524
-0.4223484230698177
-0.37579318007365187
-0.44267051418601044
-0.5567140887734314
-0.36838408525716027
-0.5982872424679946
-0.38136453241203694
-0.36199977292440505
-0.4112349035809884
-0.4284370601631992
-0.44999709051294967
-0.38136453241203694
-0.3948027310695224
-0.4284554603880115
-0.5350718080458772
-0.4024159966383654
-0.43550104011174806
-0.38038319362040596
-0.38136453241203694
-0.38136453241203694
-0.370779154280405
-0.3948027310695224
-0.39664164615571396
-0.3930427003544837
-0.38498784234616684
-0.36199977292440505
-0.38268470786294395
-0.4059882202312276
-0.6433034055632187
-0.3819687401417906
-0.3930427003544837
-0.38268470786294395
-0.3639085318728826
-0.37234030761196485
-0.5645646493733004
-0.38136453241203694
-0.38237856322854713
-0.3948027310695224
-0.6617602692328781
-0.39660076320445603
-0.3903103287945273
-0.3810862451529889
-0.38136453241203694
-0.3574488365671213
-0.3948027310695224
-0.7043431569513665
-0.3948027310695224
-0.3948027310695224
-0.38038319362040596
-0.6017943547420204
-0.5941720898021573
-0.5965625024278199
-0.552243265182523
-0.7429238635769818
-0.6191040344626879
-0.619102963238976
-0.5034639611951977
-0.602403790521089
-0.6595253619234228
-0.5723584685177688
-0.4760054218014605
-0.5049977855507374
-0.45993001412102935
-0.5541848506327239
-0.38136453241203694
-0.4059882202312276
-0.6706122643379128
-0.4059882202312276
-0.3948027310695224
-0.3948027310695224
-0.6463558948520662
-0.38136453241203694
-0.557702368244513
-0.5518180220012588
-0.41145313358929325
-0.38136453241203694
-0.38268470786294395
-0.7537309541487115
-0.46773949790218844
-0.4319600584845582
-0.7391655622014698
-0.370779154280405
-0.409475412321028
-0.3948027310695224
-0.3930427003544837
-0.72804621607467
-0.4018875458363939
-0.37234030761196485
-0.5845223715597205
-0.4237809753164099
-0.38038319362040596
-0.4266927040066112
-0.5096622625716161
-0.41145313358929325
-0.3930427003544837
-0.3948027310695224
-0.36199977292440505
-0.3574488365671213
-0.3948027310695224
-0.38237856322854713
-0.3810862451529889
-0.3948027310695224
-0.47792441204489683
-0.3948027310695224
-0.7418132348557486
-0.38268470786294395
-0.4511651956945757
-0.36838408525716027
-0.38136453241203694
-0.41145313358929325
-0.44760172591470776
-0.38038319362040596
-0.3948027310695224
-0.3948027310695224
-0.3574488365671213
-0.4223484230698177
-0.45006544017450595
-0.44760172591470776
-0.38268470786294395
-0.38136453241203694
-0.38498784234616684
-0.3948027310695224
-0.3810862451529889
-0.38268470786294395
-0.6186697715680223
-0.6249364377352469
-0.6168846139092037
-0.5781754499514421
-0.6784760931461468
-0.39994897627441356
-0.4341451028101389
-0.6446699541295148
-0.5497348417679087
-0.5289891313711788
-0.6569344901207906
-0.6834878776205767
-0.6653855720852239
-0.6609469501858274
-0.36838408525716027
-0.5902700075397809
-0.3948027310695224
-0.38268470786294395
-0.38268470786294395
-0.36838408525716027
-0.6427395379705535
-0.3881053120472694
-0.5941720898021573
-0.5462507226138721
-0.38136453241203694
-0.369456903519929
-0.3639085318728826
-0.38268470786294395
-0.36838408525716027
-0.4018875458363939
-0.3948027310695224
-0.4319119474601211
-0.370779154280405
-0.3692288847695334
-0.3948027310695224
-0.6487606907839895
-0.39994897627441356
-0.42123061902310294
-0.3948027310695224
-0.38268470786294395
-0.39664164615571396
-0.38498784234616684
-0.4237809753164099
-0.4018875458363939
-0.38136453241203694
-0.48463010639905607
-0.45006544017450595
-0.409475412321028
-0.38268470786294395
-0.49826712460001
-0.44760172591470776
-0.3948027310695224
-0.38136453241203694
-0.369456903519929
-0.5135252648456511
-0.47942345049319485
-0.3903103287945273
-0.5108996699033812
-0.36838408525716027
-0.369456903519929
-0.4623398029613164
-0.3930427003544837
-0.3930427003544837
-0.38136453241203694
-0.4059882202312276
-0.3930427003544837
-0.4048659458019545
-0.5845417956034608
-0.369456903519929
-0.3948027310695224
-0.5758793814110656
-0.38498784234616684
-0.6314909487756981
-0.3948027310695224
-0.3720482537278487
-0.37234030761196485
-0.37234030761196485
-0.43519988650080005
-0.495813651804749
-0.37234030761196485
-0.4312868835342113
-0.4568164306376218
-0.44760172591470776
-0.4237809753164099
-0.4237809753164099
-0.38136453241203694
-0.3720482537278487
-0.5689188612109491
-0.5524157315948711
-0.7511907658525045
-0.5618373824026054
-0.6784760931461468
-0.44029030242055234
-0.39994897627441356
-0.6684882289751787
-0.6325979351564284
-0.43347078366546615
-0.4864810655633402
-0.7677030968041697
-0.6109083018852739
-0.5965625024278199
-0.5628918348987839
-0.6392102468957231
-0.6279598198833953
-0.6341307265769764
-0.5628918348987839
-0.5845417956034608
-0.607857068715967
-0.5628918348987839
-0.5169549260170822
-0.5884717325876186
-0.5896187871300518
-0.6191040344626879
-0.5782835678419561
-0.5737032337681216
-0.6417179150426489
-0.5608362740846834
-0.5888615307362092
-0.5894243368136849
-0.5628918348987839
-0.5896187871300518
-0.5628918348987839
-0.5639631636581349
-0.619102963238976
-0.6249364377352469
-0.6437183702032806
-0.6085910057961468
-0.6341307265769764
-0.6249364377352469
-0.6341307265769764
-0.6168846139092037
-0.5524157315948711
-0.5272829029872704
-0.619102963238976
-0.619102963238976
-0.5845417956034608
-0.5655538985832288
-0.619102963238976
-0.6249364377352469
-0.6508843429594201
-0.6392102468957231
-0.6191040344626879
-0.5723584685177688
-0.4530952722081043
-0.4746558498675176
-0.607857068715967
-0.4559532671043361
-0.4513675683169547
-0.5554689639374752
-0.5655166421723723
-0.6186697715680223
-0.5766323138148048
-0.5723584685177688
-0.6972848223946138
-0.5396216347038287
-0.5854741351990074
-0.5941720898021573
-0.44392009664093757
-0.5612404805096434
-0.6174486407423153
-0.6191040344626879
-0.5723584685177688
-0.5737032337681216
-0.6417179150426489
-0.47637550990526345
-0.6570386443439878
-0.5811564679140658
-0.5387436493429988
-0.6570386443439878
-0.6166037307612107
-0.4923705486556658
-0.5845417956034608
-0.5292167319534727
-0.7701558995979635
-0.5896187871300518
-0.6249364377352469
-0.5141758756047802
-0.6053353298297881
-0.44582183979056716
-0.6191040344626879
-0.45450339591274624
-0.4513675683169547
-0.4727118605360509
-0.6392102468957231
-0.6973977198272585
-0.7056005741991246
-0.4513675683169547
-0.727869427761507
-0.7512401058569727
-0.6381059621498222
-0.6191040344626879
-0.5524157315948711
-0.4524993539190244
-0.6391899817414758
-0.6191040344626879
-0.5755358088412605
-0.603675818477176
-0.5900404016005836
-0.5639631636581349
-0.619102963238976
-0.6570386443439878
-0.6343448950475619
-0.6186697715680223
-0.6249364377352469
-0.6017943547420204
-0.6417179150426489
-0.4794474155046258
-0.5766323138148048
-0.5158084431263744
-0.5689188612109491
-0.556002556003069
-0.5668087623845385
-0.6014847910876624
-0.5828194196987198
-0.5387436493429988
-0.5780137178135475
-0.6186697715680223
-0.5539202837523902
-0.5493590409143606
-0.6098680181324618
-0.5407872921320305
-0.5896187871300518
-0.6368418265640869
-0.6191040344626879
-0.5173663734358078
-0.6403175249115256
-0.5524157315948711
-0.49512744677468784
-0.6405888000689519
-0.5965625024278199
-0.4559532671043361
-0.6279598198833953
-0.5450393859423935
-0.5628918348987839
-0.580760009382014
-0.6391899817414758
-0.45450339591274624
-0.44392009664093757
-0.6249364377352469
-0.5737032337681216
-0.530880140773032
-0.6099057169700565
-0.47075869180480173
-0.48463010639905607
-0.7177992253178448
-0.4848832897791478
-0.49672884328643485
-0.5216555593385811
-0.6187941670332623
-0.5524157315948711
-0.6017943547420204
-0.5541848506327239
-0.5307277324391951
-0.5307277324391951
-0.7243527488635095
-0.6392102468957231
-0.6191040344626879
-0.5971596144363336
-0.5639631636581349
-0.613500287069059
-0.5467701917355288
-0.7617567366622202
-0.7369164583152922
-0.6158907225348452
-0.49215736176598496
-0.6794497286308729
-0.5737032337681216
-0.5867340501296946
-0.5971596144363336
-0.5474391573349031
-0.4863582434681083
-0.5569420136284858
-0.6253342988550106
-0.7680844580739339
-0.5524157315948711
-0.5541848506327239
-0.5389560972664069
-0.6405888000689519
-0.5965625024278199
-0.6168846139092037
-0.6033541192486239
-0.5737032337681216
-0.6191040344626879
-0.6279598198833953
-0.6165955179477371
-0.5655538985832288
-0.6343448950475619
-0.6391899817414758
-0.6017943547420204
-0.7664094357229254
-0.4727118605360509
-0.47993096868696034
-0.47993096868696034
-0.5425118316749632
-0.47993096868696034
-0.5384156916461778
-0.5994679677474501
-0.5335917707275699
-0.7108229755019709
-0.6138640916335242
-0.6017943547420204
-0.6017943547420204
-0.4794474155046258
-0.5771145790682785
-0.4559532671043361
-0.4524993539190244
-0.4530952722081043
-0.4559532671043361
-0.4530952722081043
-0.4530952722081043
-0.6926370167466572
-0.4746558498675176
-0.4524993539190244
-0.7572029119194704
-0.4793153481373768
-0.7615719969707043
-0.45450339591274624
-0.4746558498675176
-0.47901928447697584
-0.48443434883395253
-0.6137606822384536
-0.7619347031689159
-0.5539202837523902
-0.6069464700360176
-0.7177992253178448
-0.47263069514977263
-0.6456043166381397
-0.6683603315032928
-0.6183557321122831
-0.6405888000689519
-0.6253342988550106
-0.5406091305181838
-0.46429587773432873
-0.5466122627374459
-0.5896187871300518
-0.6341307265769764
-0.5396216347038287
-0.6274829011576525
-0.6027701469364719
-0.6341307265769764
-0.5628918348987839
-0.5307277324391951
-0.5555587557233989
-0.4530952722081043
-0.5585088410799854
-0.6017943547420204
-0.6392102468957231
-0.5888615307362092
-0.5804947111684016
-0.5396216347038287
-0.6013691468012924
-0.6570386443439878
-0.6253342988550106
-0.6017943547420204
-0.618277138702945
-0.5769688366115756
-0.5165544066311453
-0.47993096868696034
-0.5524157315948711
-0.6279598198833953
-0.547513866212062
-0.619102963238976
-0.6368418265640869
-0.5888615307362092
-0.5896187871300518
-0.6368418265640869
-0.6508843429594201
-0.5655204941063919
-0.6391899817414758
-0.5775110195880326
-0.7411946652075836
-0.4794474155046258
-0.5524157315948711
-0.6578840377292061
-0.5723584685177688
-0.6249364377352469
-0.4530952722081043
-0.6221193948789591
-0.5814254901814808
-0.7638211055834955
-0.6391899817414758
-0.4530952722081043
-0.6892041952291418
-0.6362411317688332
-0.5723584685177688
-0.6059233093443607
-0.6243472855232914
-0.6550268434885342
-0.7648465660359017
-0.7648465660359017
-0.767819600877935
-0.4530952722081043
-0.5639631636581349
-0.6191040344626879
-0.5828194196987198
-0.5639631636581349
-0.44582183979056716
-0.47901928447697584
-0.5243283529932448
-0.6530907747635415
-0.5888615307362092
-0.6729785743648088
-0.6417179150426489
-0.6368418265640869
-0.5387436493429988
-0.6368418265640869
-0.4837292511679292
-0.5888615307362092
-0.6395832982118105
-0.6186697715680223
-0.5524157315948711
-0.5669519548367185
-0.7212559508795583
-0.7144916465076824
-0.619102963238976
-0.47075869180480173
-0.4568164306376218
-0.5043861796989129
-0.5619609215523579
-0.44392009664093757
-0.5533975602454021
-0.5330842531700727
-0.4441143005313747
-0.7245660736915507
-0.5737032337681216
-0.47942345049319485
-0.5294832507006125
-0.6417179150426489
-0.6199578966633752
-0.6368418265640869
-0.5737032337681216
-0.6218449651098614
-0.5541848506327239
-0.5811564679140658
-0.7075733280405372
-0.6909199532229895
-0.6249364377352469
-0.5387436493429988
-0.5165544066311453
-0.7022651440209684
-0.7541707381905985
-0.7098365001659376
-0.5971596144363336
-0.4513675683169547
-0.4559532671043361
-0.6727460785308887
-0.6138640916335242
-0.6017943547420204
-0.6138640916335242
-0.49790326883410957
-0.5814254901814808
-0.5708304847610446
-0.5894243368136849
-0.5097460952023158
-0.6253342988550106
-0.7249176458937067
-0.5882018371724145
-0.6341307265769764
-0.5769688366115756
-0.5387436493429988
-0.5216929556424087
-0.4793153481373768
-0.46429587773432873
-0.7824641969887927
-0.7676726697782497
-0.6166037307612107
-0.4441143005313747
-0.6174486407423153
-0.5554820970021361
-0.6017943547420204
-0.7498508273176099
-0.5313344691984758
-0.6186697715680223
-0.5971596144363336
-0.6237655857164038
-0.7271066409629092
-0.7551919521755537
-0.6450615473682422
-0.5139605363152112
-0.45450339591274624
-0.5422338666010554
-0.46429587773432873
-0.45466830411706843
-0.4441143005313747
-0.619102963238976
-0.6186697715680223
-0.47075869180480173
-0.5251981328292975
-0.4814670526362373
-0.44392009664093757
-0.6191040344626879
-0.5639631636581349
-0.6578840377292061
-0.5669519548367185
-0.5941720898021573
-0.44392009664093757
-0.49215736176598496
-0.6996476836829154
-0.6388808992009227
-0.49215736176598496
-0.7143791501488793
-0.4794474155046258
-0.4524993539190244
-0.6168846139092037
-0.6199578966633752
-0.5389560972664069
-0.6405888000689519
-0.6392505017173343
-0.5351435230567996
-0.5723584685177688
-0.6237727953169927
-0.6098680181324618
-0.6883052613513344
-0.5845417956034608
-0.5888615307362092
-0.6391899817414758
-0.7977341924131124
-0.5845417956034608
-0.5466122627374459
-0.6392102468957231
-0.5888615307362092
-0.5888615307362092
-0.6191040344626879
-0.6536161051119639
-0.6104752802527577
-0.591508150299555
-0.6023545393306293
-0.5941830604416454
-0.469495650161704
-0.6168846139092037
-0.5387436493429988
-0.6510820019439737
-0.5591151992119554
-0.5173663734358078
-0.4625794540760035
-0.644793689845551
-0.8042373889842519
-0.5900404016005836
-0.6578840377292061
-0.6508843429594201
-0.44392009664093757
-0.42492180705704835
-0.4325248804743415
-0.42492180705704835
-0.43900490699734435
-0.6708098515156704
-0.5862749768541025
-0.6653855720852239
-0.6077636105759578
-0.4105867406129188
-0.4325248804743415
-0.6600108977400457
-0.6807752180432407
-0.6600108977400457
-0.5920956774910476
-0.4325248804743415
-0.42492180705704835
-0.5732473024369973
-0.4326777590910618
-0.6437183702032806
-0.5319408071618614
-0.6069464700360176
-0.7444633128914218
-0.6247196457417943
-0.6508843429594201
-0.5941720898021573
-0.369456903519929
-0.4267471745781468
-0.5100465254580935
-0.4165689486239194
-0.6807752180432407
-0.5549194330314121
-0.5591151992119554
-0.5994679677474501
-0.6017943547420204
-0.6280506221943347
-0.6532215142449341
-0.43900490699734435
-0.614259771778084
-0.4326777590910618
-0.6398368931236474
-0.4325248804743415
-0.44765590545663286
-0.6784760931461468
-0.6317930106578661
-0.5116205644659774
-0.6166037307612107
-0.6478182732289346
-0.5387436493429988
-0.7863695271717974
-0.5422338666010554
-0.6807752180432407
-0.5904396729879527
-0.6343448950475619
-0.6729648041534877
-0.6138640916335242
-0.5508428806313102
-0.5723584685177688
-0.5618373824026054
-0.5401341005042926
-0.42492180705704835
-0.4325248804743415
-0.6784760931461468
-0.6252116511122011
-0.43900490699734435
-0.47184049805021117
-0.6076943798768231
-0.6027701469364719
-0.4326777590910618
-0.4325248804743415
-0.4325248804743415
-0.44765590545663286
-0.5777093229810355
-0.6478127663527103
-0.6398368931236474
-0.6025541632432649
-0.6027701469364719
-0.547215854536561
-0.5074272392651253
-0.6691137709203077
-0.6844700340396971
-0.6493677227974561
-0.6617602692328781
-0.49432035001771524
-0.7047963243644961
-0.5896187871300518
-0.5462507226138721
-0.5896187871300518
-0.6368418265640869
-0.5591151992119554
-0.5173663734358078
-0.6168846139092037
-0.4325248804743415
-0.43900490699734435
-0.4024159966383654
-0.42492180705704835
-0.4325248804743415
-0.42492180705704835
-0.43347078366546615
-0.4325248804743415
-0.3720482537278487
-0.6684882289751787
-0.4325248804743415
-0.7797473820553592
-0.6368418265640869
-0.5173663734358078
-0.5941720898021573
-0.6027701469364719
-0.3903103287945273
-0.6017943547420204
-0.5024817348717069
-0.6653518841503671
-0.6794494807087371
-0.5401341005042926
-0.6076943798768231
-0.65698108080792
-0.42492180705704835
-0.42492180705704835
-0.4325248804743415
-0.644793689845551
-0.4326777590910618
-0.42492180705704835
-0.4326777590910618
-0.42492180705704835
-0.49169325418117116
-0.644793689845551
-0.42492180705704835
-0.44805987648444523
-0.5867888683599578
-0.49907258222087797
-0.3692288847695334
-0.6341307265769764
-0.5033779149349356
-0.6691137709203077
-0.6662305998930438
-0.6691137709203077
-0.6249364377352469
-0.6478127663527103
-0.6653518841503671
-0.6368418265640869
-0.6027701469364719
-0.5941720898021573
-0.6138640916335242
-0.6391899817414758
-0.6437183702032806
-0.6784760931461468
-0.3720482537278487
-0.6569344901207906
-0.42492180705704835
-0.6174486407423153
-0.6600108977400457
-0.6493677227974561
-0.4325248804743415
-0.4698163327380596
-0.42492180705704835
-0.47641213539353816
-0.38237856322854713
-0.47641213539353816
-0.4326777590910618
-0.6478127663527103
-0.6022183249730411
-0.42492180705704835
-0.4326777590910618
-0.5387436493429988
-0.6572470440207269
-0.39664164615571396
-0.5143313752201033
-0.5357602635289175
-0.5639631636581349
-0.5230850977372875
-0.49169325418117116
-0.6631384213452992
-0.6691137709203077
-0.6784760931461468
-0.6368418265640869
-0.6368418265640869
-0.6527581626914389
-0.6368418265640869
-0.4325248804743415
-0.42492180705704835
-0.42492180705704835
-0.44029030242055234
-0.6684882289751787
-0.6807752180432407
-0.36838408525716027
-0.36199977292440505
-0.5513607713991524
-0.6729648041534877
-0.3574488365671213
-0.4325248804743415
-0.4953542264751599
-0.4884026442358824
-0.4326777590910618
-0.47641213539353816
-0.4165689486239194
-0.6168846139092037
-0.5900404016005836
-0.6249364377352469
-0.5941720898021573
-0.43222594155007527
-0.5967435124937394
-0.6253342988550106
-0.4511651956945757
-0.43222594155007527
-0.6807752180432407
-0.6925497878809169
-0.6631384213452992
-0.6343448950475619
-0.6343448950475619
-0.42492180705704835
-0.47641213539353816
-0.5887635366734727
-0.5920956774910476
-0.4325248804743415
-0.4325248804743415
-0.47184049805021117
-0.4325248804743415
-0.4326777590910618
-0.6327521691735543
-0.4325248804743415
-0.4326777590910618
-0.542877847074606
-0.3574488365671213
-0.5401341005042926
-0.4341451028101389
-0.5401341005042926
-0.6532215142449341
-0.47184049805021117
-0.6271094704826528
-0.3810862451529889
-0.42492180705704835
-0.4325248804743415
-0.47641213539353816
-0.43900490699734435
-0.6010852345453197
-0.5618754108954812
-0.6174486407423153
-0.5100465254580935
-0.6158068437919131
-0.7568424582108852
-0.6437183702032806
-0.6424695193468275
-0.5033779149349356
-0.5674444995213457
-0.4105867406129188
-0.6341307265769764
-0.6684882289751787
-0.7154267122653793
-0.5618754108954812
-0.7198740010756303
-0.613500287069059
-0.5791096855166706
-0.6550268434885342
-0.5641891127789279
-0.7566520855537424
-0.43900490699734435
-0.4326777590910618
-0.4326777590910618
-0.6779411592255455
-0.40742524811060526
-0.509764995298645
-0.4325248804743415
-0.4325248804743415
-0.42492180705704835
-0.6478127663527103
-0.4325248804743415
-0.6601022802291967
-0.6601022802291967
-0.44267051418601044
-0.750533671618109
-0.6159024349687778
-0.42492180705704835
-0.3720482537278487
-0.4701040233631877
-0.4690063974840253
-0.49573061405211893
-0.3819687401417906
-0.5378738356822758
-0.3574488365671213
-0.7289729629953636
-0.42492180705704835
-0.4325248804743415
-0.4532888261193587
-0.4266927040066112
-0.6922682577474871
-0.39660076320445603
-0.36838408525716027
-0.4326777590910618
-0.5261996610416475
-0.4325248804743415
-0.37579318007365187
-0.43900490699734435
-0.4325248804743415
-0.4325248804743415
-0.47184049805021117
-0.478596042925248
-0.4326777590910618
-0.6139963045032084
-0.4325248804743415
-0.4325248804743415
-0.4325248804743415
-0.4325248804743415
-0.44029030242055234
-0.7582282317362484
-0.4326777590910618
-0.6174486407423153
-0.48030160402539546
-0.4432547398447946
-0.5904396729879527
-0.6341307265769764
-0.6368418265640869
-0.6617602692328781
-0.6807752180432407
-0.6368418265640869
-0.5641891127789279
-0.6021219417336299
-0.6443348452489996
-0.46371302231680517
-0.4325248804743415
-0.4326777590910618
-0.6398368931236474
-0.5251981328292975
-0.6684882289751787
-0.44765590545663286
-0.44765590545663286
-0.47641213539353816
-0.4325248804743415
-0.6807752180432407
-0.42492180705704835
-0.38432280126200125
-0.6684882289751787
-0.5401341005042926
-0.4325248804743415
-0.6825016021613667
-0.5774817273398031
-0.8004374424783214
-0.6046260416611576
-0.5915207497849888
-0.7827998639184509
-0.7025026851022436
-0.7030355846595536
-0.7503967327937692
-0.8004374424783214
-0.5955270281001488
-0.4642003886189781
-0.6761708002726385
