-0.688143228470069
-0.628204666265829
-0.6793536674984042
-0.628204666265829
-0.6214317775727966
-0.6150749533899731
-0.6965700389625596
-0.6145416677376419
-0.6243799491175487
-0.6191482976851003
-0.6057788718240652
-0.6214317775727966
-0.6150749533899731
-0.6150749533899731
-0.6352716826070076
-0.6243799491175487
-0.6243799491175487
-0.6214317775727966
-0.6243799491175487
-0.6057788718240652
-0.6214317775727966
-0.6214317775727966
-0.6214317775727966
-0.6214317775727966
-0.628204666265829
-0.6057788718240652
-0.6214317775727966
-0.6150749533899731
-0.6057788718240652
-0.6150749533899731
-0.6150749533899731
-0.6057788718240652
-0.6243799491175487
-0.6214317775727966
-0.6214317775727966
-0.6150749533899731
-0.6243799491175487
-0.6243799491175487
-0.6243799491175487
-0.6384953882660543
-0.6214317775727966
-0.6243799491175487
-0.628204666265829
-0.6057788718240652
-0.6214317775727966
-0.6243799491175487
-0.6384953882660543
-0.6214317775727966
-0.628204666265829
-0.6483654122890506
-0.6057788718240652
-0.6214317775727966
-0.6214317775727966
-0.610243707476534
-0.628204666265829
-0.688143228470069
-0.688143228470069
-0.688143228470069
-0.675229464398432
-0.675229464398432
-0.6965700389625596
-0.6214317775727966
-0.6150749533899731
-0.628204666265829
-0.6384953882660543
-0.6150749533899731
-0.5775348037434421
-0.6150749533899731
-0.6057788718240652
-0.5849625027465106
-0.6214317775727966
-0.5932757319714558
-0.628204666265829
-0.6214317775727966
-0.6150749533899731
-0.5932757319714558
-0.6214317775727966
-0.6214317775727966
-0.6148961181102066
-0.6384953882660543
-0.6214317775727966
-0.6214317775727966
-0.6214317775727966
-0.6424636004486443
-0.6214317775727966
-0.6243799491175487
-0.6243799491175487
-0.628204666265829
-0.6057788718240652
-0.6150749533899731
-0.6384953882660543
-0.630558454499002
-0.628204666265829
-0.628204666265829
-0.6057788718240652
-0.6148961181102066
-0.628204666265829
-0.6243799491175487
-0.6150749533899731
-0.6214317775727966
-0.6243799491175487
-0.6243799491175487
-0.5849625027465106
-0.6214317775727966
-0.6112704309014073
-0.6384953882660543
-0.6150749533899731
-0.65504699194017
-0.6150749533899731
-0.628204666265829
-0.6214317775727966
-0.6243799491175487
-0.6112704309014073
-0.601412815580808
-0.5932757319714558
-0.6150749533899731
-0.6150749533899731
-0.6150749533899731
-0.6243799491175487
-0.6057788718240652
-0.628204666265829
-0.6243799491175487
-0.6384953882660543
-0.6224473109250609
-0.6214317775727966
-0.6243799491175487
-0.6150749533899731
-0.6243799491175487
-0.6057788718240652
-0.6150749533899731
-0.6150749533899731
-0.6214317775727966
-0.5932757319714558
-0.6150749533899731
-0.6191482976851003
-0.6150749533899731
-0.6384953882660543
-0.6214317775727966
-0.628204666265829
-0.628204666265829
-0.628204666265829
-0.6243799491175487
-0.6214317775727966
-0.6057788718240652
-0.6384953882660543
-0.6191482976851003
-0.628204666265829
-0.6112704309014073
-0.6243799491175487
-0.6057788718240652
-0.6112704309014073
-0.6150749533899731
-0.6243799491175487
-0.6224473109250609
-0.628204666265829
-0.6384953882660543
-0.6214317775727966
-0.6243799491175487
-0.6384953882660543
-0.628204666265829
-0.6214317775727966
-0.6214317775727966
-0.6214317775727966
-0.6424636004486443
-0.6214317775727966
-0.628204666265829
-0.6057788718240652
-0.6384953882660543
-0.628204666265829
-0.6424636004486443
-0.6150749533899731
-0.6214317775727966
-0.6150749533899731
-0.6214317775727966
-0.628204666265829
-0.628204666265829
-0.6214317775727966
-0.610243707476534
-0.628204666265829
-0.6148961181102066
-0.6146602340312762
-0.6214317775727966
-0.6214317775727966
-0.6424636004486443
-0.6243799491175487
-0.628204666265829
-0.628204666265829
-0.6424636004486443
-0.6243799491175487
-0.6191482976851003
-0.6243799491175487
-0.6243799491175487
-0.6150749533899731
-0.6214317775727966
-0.6243799491175487
-0.6150749533899731
-0.628204666265829
-0.6243799491175487
-0.6214317775727966
-0.628204666265829
-0.6384953882660543
-0.5894653201711733
-0.6243799491175487
-0.6214317775727966
-0.6424636004486443
-0.6243799491175487
-0.6150749533899731
-0.6214317775727966
-0.6150749533899731
-0.6057788718240652
-0.6243799491175487
-0.6384953882660543
-0.6214317775727966
-0.6057788718240652
-0.6243799491175487
-0.6424636004486443
-0.6214317775727966
-0.5671180548025903
-0.5897199503229107
-0.6057788718240652
-0.628204666265829
-0.6214317775727966
-0.628204666265829
-0.6243799491175487
-0.6214317775727966
-0.6214317775727966
-0.6243799491175487
-0.6214317775727966
-0.628204666265829
-0.6214317775727966
-0.6243799491175487
-0.628204666265829
-0.628204666265829
-0.6384953882660543
-0.6243799491175487
-0.628204666265829
-0.6214317775727966
-0.6057788718240652
-0.6214317775727966
-0.6214317775727966
-0.6384953882660543
-0.628204666265829
-0.6214317775727966
-0.6214317775727966
-0.6243799491175487
-0.6224473109250609
-0.5881825164878783
-0.6214317775727966
-0.6057788718240652
-0.6243799491175487
-0.6150749533899731
-0.6243799491175487
-0.6243799491175487
-0.6057788718240652
-0.6483654122890506
-0.6112704309014073
-0.6150749533899731
-0.6214317775727966
-0.6424636004486443
-0.628204666265829
-0.6224473109250609
-0.6214317775727966
-0.5932757319714558
-0.6384953882660543
-0.5904380736922626
-0.6150749533899731
-0.6243799491175487
-0.6243799491175487
-0.628204666265829
-0.6057788718240652
-0.6214317775727966
-0.6214317775727966
-0.6150749533899731
-0.6057788718240652
-0.6150749533899731
-0.6424636004486443
-0.628204666265829
-0.6057788718240652
-0.6214317775727966
-0.6483654122890506
-0.6057788718240652
-0.6243799491175487
-0.6384953882660543
-0.6214317775727966
-0.6214317775727966
-0.6243799491175487
-0.6214317775727966
-0.6214317775727966
-0.6243799491175487
-0.6214317775727966
-0.6150749533899731
-0.6214317775727966
-0.6214317775727966
-0.6243799491175487
-0.6214317775727966
-0.6243799491175487
-0.6150749533899731
-0.6214317775727966
-0.6214317775727966
-0.6214317775727966
-0.6243799491175487
-0.6150749533899731
-0.6214317775727966
-0.6214317775727966
-0.628204666265829
-0.628204666265829
-0.6191482976851003
-0.6243799491175487
-0.6057788718240652
-0.6150749533899731
-0.628204666265829
-0.6214317775727966
-0.6243799491175487
-0.6214317775727966
-0.6214317775727966
-0.6384953882660543
-0.6148961181102066
-0.6150749533899731
-0.6243799491175487
-0.6057788718240652
-0.6057788718240652
-0.6214317775727966
-0.5799253080882761
-0.6214317775727966
-0.6243799491175487
-0.6243799491175487
-0.6214317775727966
-0.6243799491175487
-0.6424636004486443
-0.6112704309014073
-0.6214317775727966
-0.6214317775727966
-0.6214317775727966
-0.6424636004486443
-0.6150749533899731
-0.6384953882660543
-0.6150749533899731
-0.628204666265829
-0.5932757319714558
-0.6243799491175487
-0.6150749533899731
-0.628204666265829
-0.628204666265829
-0.6150749533899731
-0.5992574110917168
-0.5766742546862149
-0.6243799491175487
-0.6214317775727966
-0.6214317775727966
-0.6384953882660543
-0.6214317775727966
-0.6384953882660543
-0.6150749533899731
-0.6214317775727966
-0.6150749533899731
-0.6057788718240652
-0.6150749533899731
-0.6150749533899731
-0.6214317775727966
-0.6214317775727966
-0.6214317775727966
-0.6214317775727966
-0.628204666265829
-0.6214317775727966
-0.6057788718240652
-0.6214317775727966
-0.628204666265829
-0.6150749533899731
-0.6214317775727966
-0.6214317775727966
-0.6672322232616026
-0.628204666265829
-0.6214317775727966
-0.6150749533899731
-0.6214317775727966
-0.6243799491175487
-0.6057788718240652
-0.6214317775727966
-0.6243799491175487
-0.6214317775727966
-0.6214317775727966
-0.6150749533899731
-0.628204666265829
-0.6112704309014073
-0.6148961181102066
-0.6150749533899731
-0.6214317775727966
-0.6057788718240652
-0.6214317775727966
-0.6150749533899731
-0.6150749533899731
-0.6057788718240652
-0.6214317775727966
-0.6150749533899731
-0.6214317775727966
-0.630558454499002
-0.6384953882660543
-0.6150749533899731
-0.6424636004486443
-0.6148961181102066
-0.6424636004486443
-0.6384953882660543
-0.6243799491175487
-0.6214317775727966
-0.6150749533899731
-0.6243799491175487
-0.6214317775727966
-0.6243799491175487
-0.628204666265829
-0.6384953882660543
-0.6243799491175487
-0.610243707476534
-0.5932757319714558
-0.6150749533899731
-0.6057788718240652
-0.6243799491175487
-0.6214317775727966
-0.6424636004486443
-0.6384953882660543
-0.604518009649276
-0.6150749533899731
-0.6214317775727966
-0.6150749533899731
-0.628204666265829
-0.6057788718240652
-0.6148961181102066
-0.6214317775727966
-0.6150749533899731
-0.6214317775727966
-0.6384953882660543
-0.6243799491175487
-0.6057788718240652
-0.6243799491175487
-0.6214317775727966
-0.6243799491175487
-0.6150749533899731
-0.6150749533899731
-0.628204666265829
-0.6150749533899731
-0.6150749533899731
-0.5932757319714558
-0.6483654122890506
-0.6214317775727966
-0.6057788718240652
-0.5932757319714558
-0.6214317775727966
-0.5932757319714558
-0.6214317775727966
-0.6243799491175487
-0.6214317775727966
-0.628204666265829
-0.6057788718240652
-0.6150749533899731
-0.6214317775727966
-0.6057788718240652
-0.6214317775727966
-0.6214317775727966
-0.6214317775727966
-0.6057788718240652
-0.6214317775727966
-0.6214317775727966
-0.6243799491175487
-0.628204666265829
-0.6214317775727966
-0.6424636004486443
-0.6214317775727966
-0.628204666265829
-0.6214317775727966
-0.628204666265829
-0.5849625027465106
-0.6243799491175487
-0.6384953882660543
-0.6150749533899731
-0.6214317775727966
-0.6214317775727966
-0.5932757319714558
-0.6057788718240652
-0.6214317775727966
-0.5932757319714558
-0.6150749533899731
-0.6150749533899731
-0.6150749533899731
-0.628204666265829
-0.6150749533899731
-0.6214317775727966
-0.5932757319714558
-0.6214317775727966
-0.6150749533899731
-0.6384953882660543
-0.5849625027465106
-0.6214317775727966
-0.6214317775727966
-0.628204666265829
-0.6214317775727966
-0.6214317775727966
-0.6214317775727966
-0.628204666265829
-0.6150749533899731
-0.6384953882660543
-0.6243799491175487
-0.6214317775727966
-0.628204666265829
-0.604518009649276
-0.6243799491175487
-0.628204666265829
-0.6243799491175487
-0.6150749533899731
-0.5932757319714558
-0.6243799491175487
-0.6243799491175487
-0.6214317775727966
-0.6214317775727966
-0.6150749533899731
-0.628204666265829
-0.6150749533899731
-0.6214317775727966
-0.6424636004486443
-0.6214317775727966
-0.628204666265829
-0.628204666265829
-0.6214317775727966
-0.6243799491175487
-0.6057788718240652
-0.6057788718240652
-0.6214317775727966
-0.6214317775727966
-0.6352716826070076
-0.6214317775727966
-0.6243799491175487
-0.6150749533899731
-0.6243799491175487
-0.628204666265829
-0.6243799491175487
-0.6150749533899731
-0.6214317775727966
-0.628204666265829
-0.6150749533899731
-0.6424636004486443
-0.6243799491175487
-0.6214317775727966
-0.6382635761141737
-0.6384953882660543
-0.6191482976851003
-0.6243799491175487
-0.628204666265829
-0.6243799491175487
-0.6214317775727966
-0.6214317775727966
-0.628204666265829
-0.6214317775727966
-0.6243799491175487
-0.6214317775727966
-0.6150749533899731
-0.6057788718240652
-0.6214317775727966
-0.6057788718240652
-0.6243799491175487
-0.6483654122890506
-0.6150749533899731
-0.628204666265829
-0.628204666265829
-0.6057788718240652
-0.6243799491175487
-0.6012820427302508
-0.5976046977960319
-0.628204666265829
-0.6243799491175487
-0.6214317775727966
-0.6424636004486443
-0.6214317775727966
-0.6243799491175487
-0.5886326871426494
-0.6243799491175487
-0.628204666265829
-0.6243799491175487
-0.5932757319714558
-0.6424636004486443
-0.6243799491175487
-0.6057788718240652
-0.6243799491175487
-0.628204666265829
-0.6214317775727966
-0.6150749533899731
-0.6214317775727966
-0.6384953882660543
-0.6243799491175487
-0.6057788718240652
-0.6214317775727966
-0.6057788718240652
-0.628204666265829
-0.6214317775727966
-0.6384953882660543
-0.6214317775727966
-0.6057788718240652
-0.6148961181102066
-0.6243799491175487
-0.6012820427302508
-0.6243799491175487
-0.6214317775727966
-0.6214317775727966
-0.6150749533899731
-0.6243799491175487
-0.6214317775727966
-0.6057788718240652
-0.6112704309014073
-0.6384953882660543
-0.6243799491175487
-0.6057788718240652
-0.6146602340312762
-0.6214317775727966
-0.6214317775727966
-0.6214317775727966
-0.6243799491175487
-0.6483654122890506
-0.6243799491175487
-0.6243799491175487
-0.628204666265829
-0.628204666265829
-0.6214317775727966
-0.6243799491175487
-0.6057788718240652
-0.628204666265829
-0.6057788718240652
-0.5932757319714558
-0.6243799491175487
-0.628204666265829
-0.6150749533899731
-0.6243799491175487
-0.6243799491175487
-0.628204666265829
-0.6150749533899731
-0.6057788718240652
-0.6384953882660543
-0.630558454499002
-0.628204666265829
-0.6243799491175487
-0.6243799491175487
-0.6483654122890506
-0.6150749533899731
-0.6150749533899731
-0.628204666265829
-0.6150749533899731
-0.6382635761141737
-0.6214317775727966
-0.6401516930232192
-0.6214317775727966
-0.628204666265829
-0.628204666265829
-0.6112704309014073
-0.6191482976851003
-0.6214317775727966
-0.628204666265829
-0.6150749533899731
-0.6424636004486443
-0.6057788718240652
-0.6150749533899731
-0.5849625027465106
-0.6150749533899731
-0.6214317775727966
-0.628204666265829
-0.6243799491175487
-0.6150749533899731
-0.6214317775727966
-0.6384953882660543
-0.6214317775727966
-0.628204666265829
-0.6150749533899731
-0.6150749533899731
-0.6564078717607491
-0.628204666265829
-0.6377673591618651
-0.6384953882660543
-0.6150749533899731
-0.6057788718240652
-0.628204666265829
-0.6243799491175487
-0.6214317775727966
-0.6057788718240652
-0.6214317775727966
-0.628204666265829
-0.6150749533899731
-0.6214317775727966
-0.6243799491175487
-0.6214317775727966
-0.628204666265829
-0.6214317775727966
-0.6214317775727966
-0.6214317775727966
-0.6057788718240652
-0.6150749533899731
-0.6150749533899731
-0.6483654122890506
-0.6150749533899731
-0.6150749533899731
-0.628204666265829
-0.6384953882660543
-0.628204666265829
-0.6112704309014073
-0.6243799491175487
-0.6150749533899731
-0.6214317775727966
-0.6057788718240652
-0.6214317775727966
-0.6214317775727966
-0.6214317775727966
-0.6150749533899731
-0.6057788718240652
-0.628204666265829
-0.6214317775727966
-0.6214317775727966
-0.6214317775727966
-0.6214317775727966
-0.6126244888872822
-0.6057788718240652
-0.628204666265829
-0.6214317775727966
-0.6214317775727966
-0.628204666265829
-0.6214317775727966
-0.6243799491175487
-0.5932757319714558
-0.6384953882660543
-0.6150749533899731
-0.6214317775727966
-0.6424636004486443
-0.6384953882660543
-0.6214317775727966
-0.628204666265829
-0.6150749533899731
-0.6214317775727966
-0.6214317775727966
-0.6191482976851003
-0.6243799491175487
-0.6191482976851003
-0.6214317775727966
-0.6112704309014073
-0.6214317775727966
-0.6150749533899731
-0.5932757319714558
-0.628204666265829
-0.6214317775727966
-0.628204666265829
-0.628204666265829
-0.6150749533899731
-0.6150749533899731
-0.610243707476534
-0.6243799491175487
-0.6214317775727966
-0.6057788718240652
-0.6150749533899731
-0.6150749533899731
-0.6214317775727966
-0.6145684892141201
-0.5881825164878783
-0.5881825164878783
-0.6145684892141201
-0.5969584735399204
-0.6367352367585891
-0.6529062745358793
-0.6326991665101398
-0.5959411761890824
-0.6367352367585891
-0.6529062745358793
-0.5881825164878783
-0.5959411761890824
-0.5881825164878783
-0.5638820723061543
-0.5687785981080999
-0.6367352367585891
-0.672345759356305
-0.6139287064568075
-0.5881825164878783
-0.5969584735399204
-0.5440713588946692
-0.5959411761890824
-0.5884439530919404
-0.5884439530919404
-0.6367352367585891
-0.5626234110456978
-0.5884439530919404
-0.5881825164878783
-0.5881825164878783
-0.5884439530919404
-0.5784343324818433
-0.5784343324818433
-0.6094546576031847
-0.5959411761890824
-0.5881825164878783
-0.6367352367585891
-0.5959411761890824
-0.5959411761890824
-0.6139287064568075
-0.6793536674984042
-0.6951576036315569
-0.675229464398432
-0.688143228470069
-0.675229464398432
-0.688143228470069
-0.688143228470069
-0.675229464398432
-0.688143228470069
-0.688143228470069
-0.688143228470069
-0.688143228470069
-0.675229464398432
-0.6550069398783108
-0.688143228470069
-0.6793536674984042
-0.6793536674984042
-0.6793536674984042
-0.675229464398432
-0.6793536674984042
-0.610243707476534
-0.688143228470069
-0.688143228470069
-0.688143228470069
-0.6793536674984042
-0.675229464398432
-0.689075035358058
-0.688143228470069
-0.688143228470069
-0.689075035358058
-0.6793536674984042
-0.688143228470069
-0.6793536674984042
-0.5955906503481543
-0.6965700389625596
-0.688143228470069
-0.688143228470069
-0.688143228470069
-0.6965700389625596
-0.6965700389625596
-0.6793536674984042
-0.6251661881931883
-0.689075035358058
-0.689075035358058
-0.6251661881931883
-0.675229464398432
-0.675229464398432
-0.688143228470069
-0.675229464398432
-0.675229464398432
-0.675229464398432
-0.675229464398432
-0.675229464398432
-0.6148961181102066
-0.5886326871426494
-0.5904380736922626
-0.6148961181102066
-0.582476692336314
-0.6965700389625596
-0.675229464398432
-0.675229464398432
-0.675229464398432
-0.688143228470069
-0.688143228470069
-0.675229464398432
-0.688143228470069
-0.688143228470069
-0.688143228470069
-0.675229464398432
-0.675229464398432
-0.675229464398432
-0.6793536674984042
-0.688143228470069
-0.6564078717607491
-0.675229464398432
-0.6352716826070076
-0.688143228470069
-0.689075035358058
-0.688143228470069
-0.6550069398783108
-0.688143228470069
-0.688143228470069
-0.688143228470069
-0.688143228470069
-0.688143228470069
-0.688143228470069
-0.688143228470069
-0.688143228470069
-0.688143228470069
-0.688143228470069
-0.688143228470069
-0.6550069398783108
-0.6965700389625596
-0.675229464398432
-0.675229464398432
-0.688143228470069
-0.688143228470069
-0.688143228470069
-0.688143228470069
-0.6550069398783108
-0.675229464398432
-0.675229464398432
-0.6251661881931883
