-0.4272207822737744
-0.4165318320711299
-0.43384381769713126
-0.3643770872160225
-0.3818826220735828
-0.4272207822737744
-0.4272207822737744
-0.35736496855985267
-0.4272207822737744
-0.4165318320711299
-0.3906213097331307
-0.39742900524612496
-0.3906213097331307
-0.375236265324092
-0.39742900524612496
-0.375236265324092
-0.3906213097331307
-0.3695047727022816
-0.3741267970364356
-0.3667569890982379
-0.3818826220735828
-0.375236265324092
-0.3667569890982379
-0.5644608137055224
-0.5644608137055224
-0.5644608137055224
-0.375236265324092
-0.3906213097331307
-0.3906213097331307
-0.379313986709596
-0.43384381769713126
-0.3695047727022816
-0.4272207822737744
-0.4272207822737744
-0.375236265324092
-0.379313986709596
-0.4464674256253607
-0.3695047727022816
-0.3667569890982379
-0.3667569890982379
-0.36692071708628526
-0.43384381769713126
-0.375236265324092
-0.39742900524612496
-0.39076326644932974
-0.39229540139749347
-0.375236265324092
-0.3906213097331307
-0.3695047727022816
-0.4394321754886125
-0.3906213097331307
-0.375236265324092
-0.4895610841476001
-0.3643770872160225
-0.41126911054496507
-0.3643770872160225
-0.3818826220735828
-0.39742900524612496
-0.4464674256253607
-0.4272207822737744
-0.4272207822737744
-0.4165318320711299
-0.4879549237803132
-0.38352089632768727
-0.39742900524612496
-0.4652786386715725
-0.375236265324092
-0.38352089632768727
-0.379313986709596
-0.3906213097331307
-0.48270664069039004
-0.3906213097331307
-0.3906213097331307
-0.375236265324092
-0.3906213097331307
-0.35736496855985267
-0.3906213097331307
-0.372143486702107
-0.3906213097331307
-0.379313986709596
-0.3897470933389986
-0.43876329467539704
-0.375236265324092
-0.379313986709596
-0.3818826220735828
-0.3643770872160225
-0.44943155734931284
-0.4550428185563517
-0.4139214403779252
-0.4272207822737744
-0.4272207822737744
-0.36692071708628526
-0.4272207822737744
-0.39742900524612496
-0.4272207822737744
-0.3906213097331307
-0.41126911054496507
-0.5282586387663493
-0.4464674256253607
-0.4464674256253607
-0.37244029913828536
-0.3906213097331307
-0.36692071708628526
-0.3906213097331307
-0.4464674256253607
-0.3906213097331307
-0.375236265324092
-0.3906213097331307
-0.3643770872160225
-0.375236265324092
-0.3906213097331307
-0.36692071708628526
-0.379313986709596
-0.39256727776028494
-0.375236265324092
-0.37244029913828536
-0.37244029913828536
-0.4411418715845977
-0.3906213097331307
-0.36692071708628526
-0.379313986709596
-0.35736496855985267
-0.372143486702107
-0.3906213097331307
-0.5065009863491184
-0.3906213097331307
-0.375236265324092
-0.3906213097331307
-0.3861913527913857
-0.3861913527913857
-0.3906213097331307
-0.4294667607030834
-0.3906213097331307
-0.3818826220735828
-0.375236265324092
-0.3906213097331307
-0.379313986709596
-0.4464674256253607
-0.3906213097331307
-0.35736496855985267
-0.375236265324092
-0.3695047727022816
-0.3897470933389986
-0.5238760266950984
-0.3861913527913857
-0.379313986709596
-0.379313986709596
-0.372143486702107
-0.3741267970364356
-0.37244029913828536
-0.37244029913828536
-0.3818826220735828
-0.4645102685263347
-0.46670576747314296
-0.44943155734931284
-0.463313990282648
-0.4565313720431307
-0.46436896063956196
-0.46436896063956196
-0.4272207822737744
-0.4272207822737744
-0.41053144848128476
-0.4272207822737744
-0.4165318320711299
-0.5188678177661783
-0.4272207822737744
-0.4165318320711299
-0.379313986709596
-0.3906213097331307
-0.3906213097331307
-0.372143486702107
-0.372143486702107
-0.4464674256253607
-0.375236265324092
-0.3906213097331307
-0.3818826220735828
-0.372143486702107
-0.3818826220735828
-0.35736496855985267
-0.375236265324092
-0.3695047727022816
-0.39256727776028494
-0.4652786386715725
-0.375236265324092
-0.3906213097331307
-0.3818826220735828
-0.3906213097331307
-0.3906213097331307
-0.3897470933389986
-0.3818826220735828
-0.3906213097331307
-0.39256727776028494
-0.36692071708628526
-0.3906213097331307
-0.3906213097331307
-0.3906213097331307
-0.379313986709596
-0.35736496855985267
-0.3906213097331307
-0.379313986709596
-0.35736496855985267
-0.39256727776028494
-0.3741267970364356
-0.37244029913828536
-0.3667569890982379
-0.3818826220735828
-0.4652786386715725
-0.375236265324092
-0.41288075202891816
-0.379313986709596
-0.36692071708628526
-0.38352089632768727
-0.4652786386715725
-0.3861913527913857
-0.372143486702107
-0.3695047727022816
-0.4464674256253607
-0.38352089632768727
-0.35736496855985267
-0.4294667607030834
-0.4464674256253607
-0.3906213097331307
-0.379313986709596
-0.379313986709596
-0.379313986709596
-0.375236265324092
-0.3906213097331307
-0.375236265324092
-0.4464674256253607
-0.3650901442075195
-0.375236265324092
-0.375236265324092
-0.372143486702107
-0.375236265324092
-0.3897470933389986
-0.3906213097331307
-0.379313986709596
-0.3710676187791366
-0.3906213097331307
-0.36692071708628526
-0.4868555643646761
-0.39256727776028494
-0.3827034172550615
-0.379313986709596
-0.375236265324092
-0.375236265324092
-0.3906213097331307
-0.3906213097331307
-0.3906213097331307
-0.375236265324092
-0.3906213097331307
-0.375236265324092
-0.372143486702107
-0.39256727776028494
-0.379313986709596
-0.375236265324092
-0.375236265324092
-0.39742900524612496
-0.5265181967921048
-0.3643770872160225
-0.3906213097331307
-0.375236265324092
-0.3818826220735828
-0.3712688687178847
-0.3643770872160225
-0.3643770872160225
-0.39256727776028494
-0.375236265324092
-0.375236265324092
-0.375236265324092
-0.3906213097331307
-0.43947200020597343
-0.39256727776028494
-0.3667569890982379
-0.42784998990305606
-0.3818826220735828
-0.379313986709596
-0.39256727776028494
-0.379313986709596
-0.41581448460350223
-0.379313986709596
-0.3906213097331307
-0.36692071708628526
-0.35736496855985267
-0.3818826220735828
-0.37244029913828536
-0.375236265324092
-0.37403889522007183
-0.375236265324092
-0.375236265324092
-0.37244029913828536
-0.375236265324092
-0.375236265324092
-0.39256727776028494
-0.375236265324092
-0.3906213097331307
-0.3818826220735828
-0.41581448460350223
-0.3667569890982379
-0.3906213097331307
-0.37244029913828536
-0.3667569890982379
-0.375236265324092
-0.3712688687178847
-0.3906213097331307
-0.3906213097331307
-0.379313986709596
-0.5644608137055224
-0.45508468236347865
-0.4414380574710242
-0.44943155734931284
-0.5276889290881399
-0.4550428185563517
-0.44943155734931284
-0.4536411337467563
-0.44943155734931284
-0.45007137600118163
-0.5004760583507286
-0.4414380574710242
-0.4165318320711299
-0.4272207822737744
-0.43384381769713126
-0.4272207822737744
-0.47939391954199695
-0.4272207822737744
-0.4165318320711299
-0.4272207822737744
-0.4165318320711299
-0.4272207822737744
-0.4165318320711299
-0.48607982844234154
-0.4272207822737744
-0.48607982844234154
-0.4272207822737744
-0.43384381769713126
-0.43384381769713126
-0.4394321754886125
-0.4272207822737744
-0.39742900524612496
-0.4495651108793707
-0.4272207822737744
-0.3695047727022816
-0.40637147751616587
-0.42354773291144704
-0.4315352809726684
-0.4874272813400365
-0.4165318320711299
-0.47939391954199695
-0.4165318320711299
-0.4139214403779252
-0.4139214403779252
-0.4272207822737744
-0.4394321754886125
-0.6014052189930653
-0.3906213097331307
-0.3906213097331307
-0.38352089632768727
-0.3741267970364356
-0.41581448460350223
-0.379313986709596
-0.3818826220735828
-0.37755739412128264
-0.5894006140532193
-0.3906213097331307
-0.42354773291144704
-0.3818826220735828
-0.3818826220735828
-0.4464674256253607
-0.3650901442075195
-0.379313986709596
-0.37403889522007183
-0.3890313714515561
-0.40356367645116614
-0.3818826220735828
-0.375236265324092
-0.38352089632768727
-0.3741267970364356
-0.4652786386715725
-0.35736496855985267
-0.375236265324092
-0.375236265324092
-0.3741267970364356
-0.35736496855985267
-0.3650901442075195
-0.38352089632768727
-0.4464674256253607
-0.379313986709596
-0.35736496855985267
-0.48270664069039004
-0.35736496855985267
-0.375236265324092
-0.3818826220735828
-0.372143486702107
-0.40721858668927025
-0.4523091881936352
-0.41581448460350223
-0.3643770872160225
-0.3818826220735828
-0.375236265324092
-0.3667569890982379
-0.39742900524612496
-0.39229540139749347
-0.3710676187791366
-0.375236265324092
-0.3818826220735828
-0.38352089632768727
-0.3861913527913857
-0.3712688687178847
-0.375236265324092
-0.375236265324092
-0.3643770872160225
-0.38352089632768727
-0.41581448460350223
-0.3643770872160225
-0.3741267970364356
-0.4550428185563517
-0.41288075202891816
-0.38352089632768727
-0.3741267970364356
-0.39076326644932974
-0.35736496855985267
-0.3906213097331307
-0.35736496855985267
-0.3906213097331307
-0.379313986709596
-0.5155333898874983
-0.5894837495677925
-0.3643770872160225
-0.36692071708628526
-0.5282586387663493
-0.3741267970364356
-0.35736496855985267
-0.39742900524612496
-0.43876329467539704
-0.40637147751616587
-0.39742900524612496
-0.41590544805034474
-0.3650901442075195
-0.3710676187791366
-0.375236265324092
-0.375236265324092
-0.38352089632768727
-0.49765576150662444
-0.3906213097331307
-0.375236265324092
-0.375236265324092
-0.3667569890982379
-0.3818826220735828
-0.3906213097331307
-0.3712688687178847
-0.4523091881936352
-0.50523707834132
-0.3906213097331307
-0.3906213097331307
-0.3906213097331307
-0.5144204241026087
-0.3906213097331307
-0.35736496855985267
-0.3906213097331307
-0.41581448460350223
-0.39742900524612496
-0.3906213097331307
-0.36002631362105153
-0.375236265324092
-0.41590544805034474
-0.375236265324092
-0.39256727776028494
-0.5293730945819572
-0.3650901442075195
-0.35736496855985267
-0.5388022513163592
-0.379313986709596
-0.3667569890982379
-0.4464674256253607
-0.3667569890982379
-0.37244029913828536
-0.3906213097331307
-0.379313986709596
-0.3906213097331307
-0.3906213097331307
-0.3906213097331307
-0.3906213097331307
-0.3906213097331307
-0.39256727776028494
-0.3906213097331307
-0.3650901442075195
-0.37755739412128264
-0.5523140458212353
-0.3818826220735828
-0.3906213097331307
-0.375236265324092
-0.3906213097331307
-0.375236265324092
-0.375236265324092
-0.3897470933389986
-0.3906213097331307
-0.375236265324092
-0.37403889522007183
-0.379313986709596
-0.3861913527913857
-0.375236265324092
-0.375236265324092
-0.375236265324092
-0.3818826220735828
-0.5878785158907677
-0.5713252958893298
-0.3861913527913857
-0.379313986709596
-0.3906213097331307
-0.38352089632768727
-0.379313986709596
-0.47369057943226606
-0.4085634976683424
-0.4464674256253607
-0.4953546816218628
-0.39256727776028494
-0.454535549975007
-0.41581448460350223
-0.4652786386715725
-0.3650901442075195
-0.3818826220735828
-0.3818826220735828
-0.3818826220735828
-0.379313986709596
-0.3861913527913857
-0.3906213097331307
-0.3906213097331307
-0.4796396287690021
-0.39742900524612496
-0.4315352809726684
-0.5801928701779635
-0.45007137600118163
-0.501998918608104
-0.4822425547255015
-0.4565313720431307
-0.5330289735318897
-0.4550428185563517
-0.4414380574710242
-0.45976333791573476
-0.4414380574710242
-0.4565313720431307
-0.4544300741982596
-0.5687837091938456
-0.4536411337467563
-0.4544300741982596
-0.4645102685263347
-0.5835038412491562
-0.4165318320711299
-0.47939391954199695
-0.4394321754886125
-0.4139214403779252
-0.4272207822737744
-0.4165318320711299
-0.4272207822737744
-0.4272207822737744
-0.4165318320711299
-0.4272207822737744
-0.4583820277159825
-0.4272207822737744
-0.4165318320711299
-0.4165318320711299
-0.4165318320711299
-0.4165318320711299
-0.4165318320711299
-0.4165318320711299
-0.4165318320711299
-0.4272207822737744
-0.4165318320711299
-0.4165318320711299
-0.4272207822737744
-0.4165318320711299
-0.4165318320711299
-0.39667932132918804
-0.5360752932078832
-0.4165318320711299
-0.4165318320711299
-0.4272207822737744
-0.4165318320711299
-0.4165318320711299
-0.4272207822737744
-0.4272207822737744
-0.4583820277159825
-0.43384381769713126
-0.48069358558562303
-0.47939391954199695
-0.5022908094538672
-0.4272207822737744
-0.4136741878117383
-0.4165318320711299
-0.4165318320711299
-0.48607982844234154
-0.43384381769713126
-0.4165318320711299
-0.4165318320711299
-0.4165318320711299
-0.4165318320711299
-0.4165318320711299
-0.4272207822737744
-0.48189957091242797
-0.3906213097331307
-0.5146815787967178
-0.3818826220735828
-0.39229540139749347
-0.4744636894628435
-0.375236265324092
-0.3818826220735828
-0.372143486702107
-0.3827034172550615
-0.3906213097331307
-0.3897470933389986
-0.3818826220735828
-0.3643770872160225
-0.3741267970364356
-0.38352089632768727
-0.41288075202891816
-0.3906213097331307
-0.3906213097331307
-0.379313986709596
-0.36692071708628526
-0.372143486702107
-0.4463322750995363
-0.379313986709596
-0.3861913527913857
-0.3906213097331307
-0.379313986709596
-0.3818826220735828
-0.41581448460350223
-0.379313986709596
-0.375236265324092
-0.4464674256253607
-0.3906213097331307
-0.3818826220735828
-0.35736496855985267
-0.375236265324092
-0.3818826220735828
-0.375236265324092
-0.3818826220735828
-0.3906213097331307
-0.375236265324092
-0.39742900524612496
-0.39256727776028494
-0.5692632478728187
-0.40557072288933965
-0.379313986709596
-0.3906213097331307
-0.3667569890982379
-0.379313986709596
-0.3667569890982379
-0.36002631362105153
-0.3906213097331307
-0.375236265324092
-0.3667569890982379
-0.4652786386715725
-0.375236265324092
-0.3906213097331307
-0.48502196990915036
-0.3818826220735828
-0.3818826220735828
-0.39256727776028494
-0.3906213097331307
-0.3667569890982379
-0.3667569890982379
-0.379313986709596
-0.37403889522007183
-0.3861913527913857
-0.379313986709596
-0.3818826220735828
-0.3818826220735828
-0.3818826220735828
-0.375236265324092
-0.36692071708628526
-0.3906213097331307
-0.379313986709596
-0.3861913527913857
-0.3818826220735828
-0.375236265324092
-0.379313986709596
-0.39256727776028494
-0.39256727776028494
-0.3712688687178847
-0.38352089632768727
-0.41581448460350223
-0.375236265324092
-0.35736496855985267
-0.3906213097331307
-0.379313986709596
-0.375236265324092
-0.3906213097331307
-0.43947200020597343
-0.44641937074054333
-0.3906213097331307
-0.375236265324092
-0.379313986709596
-0.379313986709596
-0.379313986709596
-0.36002631362105153
-0.375236265324092
-0.37244029913828536
-0.3667569890982379
-0.379313986709596
-0.39256727776028494
-0.40637147751616587
-0.483840489548103
-0.36692071708628526
-0.3906213097331307
-0.3906213097331307
-0.4464674256253607
-0.36692071708628526
-0.3712688687178847
-0.3818826220735828
-0.3906213097331307
-0.35736496855985267
-0.41164280121213337
-0.3906213097331307
-0.379313986709596
-0.375236265324092
-0.39256727776028494
-0.3906213097331307
-0.3712688687178847
-0.3818826220735828
-0.3906213097331307
-0.379313986709596
-0.35736496855985267
-0.35736496855985267
-0.39472582192413236
-0.37244029913828536
-0.375236265324092
-0.38352089632768727
-0.3906213097331307
-0.40637147751616587
-0.4523091881936352
-0.4165818567579782
-0.40637147751616587
-0.3818826220735828
-0.3906213097331307
-0.544779314507096
-0.5894006140532193
-0.4464674256253607
-0.3818826220735828
-0.3650901442075195
-0.3906213097331307
-0.4968486812719175
-0.3650901442075195
-0.37403889522007183
-0.3667569890982379
-0.375236265324092
-0.3906213097331307
-0.3906213097331307
-0.3906213097331307
-0.3924224372923272
-0.5455625429271972
-0.36002631362105153
-0.375236265324092
-0.3906213097331307
-0.35736496855985267
-0.372143486702107
-0.35736496855985267
-0.3818826220735828
-0.379313986709596
-0.43947200020597343
-0.3643770872160225
-0.375236265324092
-0.37244029913828536
-0.3650901442075195
-0.3741267970364356
-0.375236265324092
-0.3897470933389986
-0.3906213097331307
-0.4464674256253607
-0.36692071708628526
-0.3712688687178847
-0.3667569890982379
-0.4054826425264206
-0.3906213097331307
-0.37244029913828536
-0.36002631362105153
-0.39472582192413236
-0.3712688687178847
-0.3695047727022816
-0.375236265324092
-0.3695047727022816
-0.3667569890982379
-0.3643770872160225
-0.409319260391433
-0.375236265324092
-0.40821709580870136
-0.38352089632768727
-0.3906213097331307
-0.375236265324092
-0.3906213097331307
-0.36002631362105153
-0.35736496855985267
-0.3667569890982379
-0.3906213097331307
-0.372143486702107
-0.3906213097331307
-0.375236265324092
-0.375236265324092
-0.37244029913828536
-0.43947200020597343
-0.36002631362105153
-0.37244029913828536
-0.379313986709596
-0.375236265324092
-0.3906213097331307
-0.39742900524612496
-0.379313986709596
-0.39256727776028494
-0.379313986709596
-0.3741267970364356
-0.3741267970364356
-0.375236265324092
-0.3643770872160225
-0.3667569890982379
-0.375236265324092
-0.3695047727022816
-0.3924224372923272
-0.3906213097331307
-0.3906213097331307
-0.379313986709596
-0.3643770872160225
-0.35736496855985267
-0.3906213097331307
-0.3906213097331307
-0.3818826220735828
-0.375236265324092
-0.3818826220735828
-0.375236265324092
-0.3827034172550615
-0.37403889522007183
-0.4652786386715725
-0.3906213097331307
-0.36692071708628526
-0.39742900524612496
-0.5155333898874983
-0.5644608137055224
-0.379313986709596
-0.3650901442075195
-0.4464674256253607
-0.39742900524612496
-0.38352089632768727
-0.44641937074054333
-0.3818826220735828
-0.3906213097331307
-0.36692071708628526
-0.3906213097331307
-0.379313986709596
-0.375236265324092
-0.3695047727022816
-0.375236265324092
-0.4652786386715725
-0.375236265324092
-0.3906213097331307
-0.37244029913828536
-0.3924224372923272
-0.4259170862112311
-0.3712688687178847
-0.38352089632768727
-0.3650901442075195
-0.3906213097331307
-0.4464674256253607
-0.3906213097331307
-0.37244029913828536
-0.39256727776028494
-0.3643770872160225
-0.375236265324092
-0.375236265324092
-0.379313986709596
-0.35736496855985267
-0.3667569890982379
-0.3897470933389986
-0.375236265324092
-0.3906213097331307
-0.379313986709596
-0.3710676187791366
-0.36002631362105153
-0.37244029913828536
-0.39256727776028494
-0.36002631362105153
-0.3818826220735828
-0.3741267970364356
-0.3906213097331307
-0.3906213097331307
-0.4652786386715725
-0.4413053070912098
-0.3650901442075195
-0.3643770872160225
-0.3897470933389986
-0.37403889522007183
-0.375236265324092
-0.375236265324092
-0.35736496855985267
-0.3818826220735828
-0.35736496855985267
-0.39256727776028494
-0.50523707834132
-0.35736496855985267
-0.35736496855985267
-0.375236265324092
-0.41590544805034474
-0.3741267970364356
-0.3890313714515561
-0.3650901442075195
-0.379313986709596
-0.375236265324092
-0.36002631362105153
-0.375236265324092
-0.41288075202891816
-0.375236265324092
-0.3906213097331307
-0.379313986709596
-0.4652786386715725
-0.3818826220735828
-0.39256727776028494
-0.42264293708789835
-0.38352089632768727
-0.3695047727022816
-0.3695047727022816
-0.3741267970364356
-0.4464674256253607
-0.3818826220735828
-0.375236265324092
-0.39256727776028494
-0.3650901442075195
-0.3712688687178847
-0.3712688687178847
-0.3906213097331307
-0.3906213097331307
-0.375236265324092
-0.4306722056580534
-0.36002631362105153
-0.39229540139749347
-0.40821709580870136
-0.3906213097331307
-0.39229540139749347
-0.40557072288933965
-0.3906213097331307
-0.375236265324092
-0.375236265324092
-0.375236265324092
-0.35736496855985267
-0.3643770872160225
-0.41581448460350223
-0.379313986709596
-0.3710676187791366
-0.375236265324092
-0.379313986709596
-0.3906213097331307
-0.39256727776028494
-0.3818826220735828
-0.3710676187791366
-0.379313986709596
-0.393067963796197
-0.379313986709596
-0.375236265324092
-0.3906213097331307
-0.3643770872160225
-0.4977682707221486
-0.3643770872160225
-0.3818826220735828
-0.3906213097331307
-0.3890313714515561
-0.379313986709596
-0.379313986709596
-0.36692071708628526
-0.43947200020597343
-0.379313986709596
-0.375236265324092
-0.3906213097331307
-0.39256727776028494
-0.3906213097331307
-0.37755739412128264
-0.3818826220735828
-0.4464674256253607
-0.36002631362105153
-0.37244029913828536
-0.39667932132918804
-0.50523707834132
-0.375236265324092
-0.3906213097331307
-0.379313986709596
-0.375236265324092
-0.37244029913828536
-0.46538898581300453
-0.4464674256253607
-0.375236265324092
-0.40857650877490975
-0.379313986709596
-0.3818826220735828
-0.3818826220735828
-0.39256727776028494
-0.379313986709596
-0.375236265324092
-0.375236265324092
-0.35736496855985267
-0.3906213097331307
-0.36002631362105153
-0.375236265324092
-0.4464674256253607
-0.3710676187791366
-0.372143486702107
-0.375236265324092
-0.4652786386715725
-0.375236265324092
-0.4464674256253607
-0.3712688687178847
-0.379313986709596
-0.379313986709596
-0.3861913527913857
-0.35736496855985267
-0.36002631362105153
-0.40821709580870136
-0.379313986709596
-0.3906213097331307
-0.3827034172550615
-0.41350058097352105
-0.3906213097331307
-0.35736496855985267
-0.375236265324092
-0.4464674256253607
-0.3650901442075195
-0.372143486702107
-0.36692071708628526
-0.3906213097331307
-0.41126911054496507
-0.375236265324092
-0.372143486702107
-0.39742900524612496
-0.379313986709596
-0.3906213097331307
-0.4464674256253607
-0.375236265324092
-0.3906213097331307
-0.3667569890982379
-0.3643770872160225
-0.375236265324092
-0.375236265324092
-0.35736496855985267
-0.375236265324092
-0.379313986709596
-0.39256727776028494
-0.42656551404530507
-0.37403889522007183
-0.37244029913828536
-0.37244029913828536
-0.37244029913828536
-0.3643770872160225
-0.3741267970364356
-0.3667569890982379
-0.3643770872160225
-0.36002631362105153
-0.35736496855985267
-0.3818826220735828
-0.4464674256253607
-0.4652786386715725
-0.3818826220735828
-0.44681340406096987
-0.40637147751616587
-0.3906213097331307
-0.38352089632768727
-0.5711183061007226
-0.48270664069039004
-0.35736496855985267
-0.375236265324092
-0.379313986709596
-0.3643770872160225
-0.39742900524612496
-0.39256727776028494
-0.39742900524612496
-0.3906213097331307
-0.3890313714515561
-0.379313986709596
-0.3906213097331307
-0.3650901442075195
-0.3906213097331307
-0.4259170862112311
-0.375236265324092
-0.375236265324092
-0.379313986709596
-0.39472582192413236
-0.5894006140532193
-0.4683455757303754
-0.5408927437139973
-0.44681340406096987
-0.4414380574710242
-0.45681000652593334
-0.6041879059482402
-0.6751415532811725
-0.44943155734931284
-0.46886701852765383
-0.45508468236347865
-0.49637481751321405
-0.6232445380858292
-0.5004760583507286
-0.44681340406096987
-0.46436896063956196
-0.5220917937547982
-0.4536411337467563
-0.4565313720431307
-0.4645102685263347
-0.45508468236347865
-0.44943155734931284
-0.5587344435659717
-0.47251132389995554
-0.5361179947907669
-0.4544300741982596
-0.46436896063956196
-0.44943155734931284
-0.4681473493042994
-0.45508468236347865
-0.6293356559704283
-0.4565313720431307
-0.568206503632379
-0.44943155734931284
-0.44943155734931284
-0.43384381769713126
-0.4165318320711299
-0.4272207822737744
-0.4272207822737744
-0.4272207822737744
-0.4272207822737744
-0.4165318320711299
-0.4272207822737744
-0.4165318320711299
-0.43384381769713126
-0.3695047727022816
-0.4165318320711299
-0.5096276865119671
-0.38352089632768727
-0.4272207822737744
-0.4272207822737744
-0.4165318320711299
-0.4272207822737744
-0.4165318320711299
-0.36692071708628526
-0.4272207822737744
-0.4165318320711299
-0.4272207822737744
-0.4139214403779252
-0.48607982844234154
-0.4272207822737744
-0.4272207822737744
-0.4139214403779252
-0.4272207822737744
-0.38352089632768727
-0.4272207822737744
-0.4272207822737744
-0.43384381769713126
-0.48607982844234154
-0.4272207822737744
-0.43876329467539704
-0.4272207822737744
-0.4272207822737744
-0.4272207822737744
-0.4394321754886125
-0.47939391954199695
-0.4272207822737744
-0.4165318320711299
-0.47939391954199695
-0.4165318320711299
-0.4272207822737744
-0.4165318320711299
-0.4165318320711299
-0.4272207822737744
-0.4272207822737744
-0.4165318320711299
-0.41288075202891816
-0.4272207822737744
-0.4272207822737744
-0.4165318320711299
-0.43876329467539704
-0.5238760266950984
-0.5894006140532193
-0.36692071708628526
-0.4259170862112311
-0.4801484735607324
-0.48607982844234154
-0.4165318320711299
-0.4272207822737744
-0.4165318320711299
-0.41053144848128476
-0.4272207822737744
-0.4165318320711299
-0.43384381769713126
-0.4272207822737744
-0.49385748989405753
-0.48607982844234154
-0.4139214403779252
-0.4894430829017984
-0.4272207822737744
-0.39472582192413236
-0.43384381769713126
-0.37755739412128264
-0.45144986916873425
-0.39742900524612496
-0.39742900524612496
-0.5155662615371889
-0.4272207822737744
-0.4085634976683424
-0.47567497569656303
-0.41053144848128476
-0.4165318320711299
-0.44835781731117574
-0.4683455757303754
-0.49263083190276463
-0.4139214403779252
-0.5040140451429204
-0.48607982844234154
-0.4165318320711299
-0.4394321754886125
-0.4165318320711299
-0.4272207822737744
-0.4272207822737744
-0.4272207822737744
-0.4272207822737744
-0.43384381769713126
-0.4272207822737744
-0.4272207822737744
-0.4165318320711299
-0.4272207822737744
-0.4272207822737744
-0.4272207822737744
-0.4272207822737744
-0.4272207822737744
-0.4165318320711299
-0.4165318320711299
-0.4165318320711299
-0.5040140451429204
-0.4394321754886125
-0.4272207822737744
-0.4165318320711299
-0.3695047727022816
-0.4744636894628435
-0.35736496855985267
-0.3695047727022816
-0.37403889522007183
-0.43947200020597343
-0.37244029913828536
-0.38352089632768727
-0.3650901442075195
-0.4136741878117383
-0.3818826220735828
-0.3906213097331307
-0.41053144848128476
-0.375236265324092
-0.3695047727022816
-0.40356367645116614
-0.36002631362105153
-0.36002631362105153
-0.3818826220735828
-0.3667569890982379
-0.35736496855985267
-0.375236265324092
-0.375236265324092
-0.3924224372923272
-0.375236265324092
-0.3861913527913857
-0.3667569890982379
-0.35736496855985267
-0.36692071708628526
-0.3710676187791366
-0.4304337637031796
-0.3667569890982379
-0.544779314507096
-0.5644608137055224
-0.41164280121213337
-0.4152340797954157
-0.35736496855985267
-0.41288075202891816
-0.3667569890982379
-0.3818826220735828
-0.3650901442075195
-0.3906213097331307
-0.375236265324092
-0.4464674256253607
-0.3906213097331307
-0.38352089632768727
-0.375236265324092
-0.41581448460350223
-0.3712688687178847
-0.3650901442075195
-0.3906213097331307
-0.40721858668927025
-0.3906213097331307
-0.43947200020597343
-0.5022908094538672
-0.3667569890982379
-0.3667569890982379
-0.3906213097331307
-0.44818583823332586
-0.3906213097331307
-0.36692071708628526
-0.3818826220735828
-0.3818826220735828
-0.3818826220735828
-0.3818826220735828
-0.3906213097331307
-0.39256727776028494
-0.3861913527913857
-0.36692071708628526
-0.35736496855985267
-0.35736496855985267
-0.41053144848128476
-0.409319260391433
-0.3741267970364356
-0.3906213097331307
-0.35736496855985267
-0.375236265324092
-0.35736496855985267
-0.36692071708628526
-0.3712688687178847
-0.4464674256253607
-0.35736496855985267
-0.4464674256253607
-0.3924224372923272
-0.379313986709596
-0.375236265324092
-0.4464674256253607
-0.3667569890982379
-0.3906213097331307
-0.3650901442075195
-0.5727886626803194
-0.37244029913828536
-0.4687143419267747
-0.375236265324092
-0.3650901442075195
-0.37755739412128264
-0.36002631362105153
-0.4761426489271848
-0.375236265324092
-0.3695047727022816
-0.4652786386715725
-0.3695047727022816
-0.3650901442075195
-0.3650901442075195
-0.375236265324092
-0.35736496855985267
-0.375236265324092
-0.41581448460350223
-0.36002631362105153
-0.35736496855985267
-0.3924224372923272
-0.35736496855985267
-0.5420097062341716
-0.574701678543107
-0.379313986709596
-0.44130041893148175
-0.372143486702107
-0.3650901442075195
-0.4464674256253607
-0.5750946462602738
-0.3712688687178847
-0.3650901442075195
-0.3818826220735828
-0.375236265324092
-0.35736496855985267
-0.379313986709596
-0.375236265324092
-0.379313986709596
-0.39472582192413236
-0.3906213097331307
-0.36692071708628526
-0.3906213097331307
-0.375236265324092
-0.4464674256253607
-0.3906213097331307
-0.38352089632768727
-0.3906213097331307
-0.473434798559845
-0.5073087316943037
-0.39256727776028494
-0.375236265324092
-0.35736496855985267
-0.39256727776028494
-0.379313986709596
-0.372143486702107
-0.3643770872160225
-0.3741267970364356
-0.4136741878117383
-0.4509332990105619
-0.39742900524612496
-0.3741267970364356
-0.3695047727022816
-0.35736496855985267
-0.375236265324092
-0.3906213097331307
-0.3897470933389986
-0.375236265324092
-0.379313986709596
-0.39256727776028494
-0.40857650877490975
-0.375236265324092
-0.40356367645116614
-0.4968486812719175
-0.3818826220735828
-0.41288075202891816
-0.372143486702107
-0.41288075202891816
-0.39256727776028494
-0.3650901442075195
-0.36692071708628526
-0.36002631362105153
-0.3906213097331307
-0.3818826220735828
-0.379313986709596
-0.3712688687178847
-0.35736496855985267
-0.3906213097331307
-0.39256727776028494
-0.41288075202891816
-0.3906213097331307
-0.41581448460350223
-0.3924224372923272
-0.3643770872160225
-0.3667569890982379
-0.35736496855985267
-0.36692071708628526
-0.37755739412128264
-0.3643770872160225
-0.39256727776028494
-0.39256727776028494
-0.36692071708628526
-0.3667569890982379
-0.35736496855985267
-0.39667932132918804
-0.35736496855985267
-0.375236265324092
-0.3906213097331307
-0.3906213097331307
-0.37755739412128264
-0.3710676187791366
-0.35736496855985267
-0.38352089632768727
-0.375236265324092
-0.3712688687178847
-0.375236265324092
-0.3818826220735828
-0.5066161443810255
-0.379313986709596
-0.43930197269944854
-0.41288075202891816
-0.3710676187791366
-0.50523707834132
-0.3906213097331307
-0.375236265324092
-0.39229540139749347
-0.3924224372923272
-0.379313986709596
-0.35736496855985267
-0.35736496855985267
-0.3643770872160225
-0.379313986709596
-0.4306722056580534
-0.40721858668927025
-0.3827034172550615
-0.5136346336969332
-0.4744636894628435
-0.3710676187791366
-0.38352089632768727
-0.3650901442075195
-0.45247009925710585
-0.41581448460350223
-0.3818826220735828
-0.3818826220735828
-0.36002631362105153
-0.5408821455211076
-0.379313986709596
-0.3695047727022816
-0.3906213097331307
-0.3906213097331307
-0.3897470933389986
-0.379313986709596
-0.3667569890982379
-0.372143486702107
-0.36002631362105153
-0.3818826220735828
-0.379313986709596
-0.4652786386715725
-0.39256727776028494
-0.39256727776028494
-0.37403889522007183
-0.379313986709596
-0.3695047727022816
-0.375236265324092
-0.375236265324092
-0.3818826220735828
-0.35736496855985267
-0.3695047727022816
-0.3643770872160225
-0.375236265324092
-0.379313986709596
-0.3818826220735828
-0.3906213097331307
-0.3667569890982379
-0.36002631362105153
-0.3818826220735828
-0.36002631362105153
-0.40637147751616587
-0.3818826220735828
-0.35736496855985267
-0.4683455757303754
-0.35736496855985267
-0.35736496855985267
-0.3643770872160225
-0.3712688687178847
-0.39256727776028494
-0.48221842727155
-0.4464674256253607
-0.41053144848128476
-0.36692071708628526
-0.3906213097331307
-0.35736496855985267
-0.36002631362105153
-0.35736496855985267
-0.39256727776028494
-0.41581448460350223
-0.41581448460350223
-0.4687143419267747
-0.36002631362105153
-0.5408821455211076
-0.3710676187791366
-0.41590544805034474
-0.4464674256253607
-0.35736496855985267
-0.39256727776028494
-0.41288075202891816
-0.41126911054496507
-0.39229540139749347
-0.375236265324092
-0.372143486702107
-0.375236265324092
-0.39256727776028494
-0.37403889522007183
-0.3667569890982379
-0.41581448460350223
-0.4464674256253607
-0.3643770872160225
-0.4652786386715725
-0.3667569890982379
-0.375236265324092
-0.3906213097331307
-0.38352089632768727
-0.4464674256253607
-0.3712688687178847
-0.3643770872160225
-0.4213900862073826
-0.39472582192413236
-0.3643770872160225
-0.372143486702107
-0.35736496855985267
-0.3906213097331307
-0.3695047727022816
-0.35736496855985267
-0.375236265324092
-0.44130041893148175
-0.379313986709596
-0.375236265324092
-0.3667569890982379
-0.39229540139749347
-0.3643770872160225
-0.5450128797650218
-0.41581448460350223
-0.3667569890982379
-0.4926050540156856
-0.3818826220735828
-0.4464674256253607
-0.3643770872160225
-0.5503921875204895
-0.379313986709596
-0.3695047727022816
-0.4652786386715725
-0.375236265324092
-0.40637147751616587
-0.35736496855985267
-0.37755739412128264
-0.4951612796733878
-0.3906213097331307
-0.5333101430323494
-0.36692071708628526
-0.3818826220735828
-0.3643770872160225
-0.3650901442075195
-0.39256727776028494
-0.35736496855985267
-0.37755739412128264
-0.37244029913828536
-0.4450835268948558
-0.375236265324092
-0.36002631362105153
-0.3643770872160225
-0.3741267970364356
-0.42264293708789835
-0.41288075202891816
-0.3643770872160225
-0.4464674256253607
-0.375236265324092
-0.35736496855985267
-0.5714822322669514
-0.3818826220735828
-0.3897470933389986
-0.3643770872160225
-0.37403889522007183
-0.3650901442075195
-0.41288075202891816
-0.43930197269944854
-0.3695047727022816
-0.3712688687178847
-0.39742900524612496
-0.40356367645116614
-0.3710676187791366
-0.3741267970364356
-0.6245507195098288
-0.4794587182955071
-0.37244029913828536
-0.39256727776028494
-0.3650901442075195
-0.4687143419267747
-0.35736496855985267
-0.35736496855985267
-0.40821709580870136
-0.38352089632768727
-0.3827034172550615
-0.3924224372923272
-0.41581448460350223
-0.3667569890982379
-0.379313986709596
-0.3643770872160225
-0.3643770872160225
-0.39256727776028494
-0.39742900524612496
-0.35736496855985267
-0.35736496855985267
-0.3906213097331307
-0.4464674256253607
-0.41126911054496507
-0.3695047727022816
-0.3695047727022816
-0.379313986709596
-0.3643770872160225
-0.3906213097331307
-0.3906213097331307
-0.35736496855985267
-0.37755739412128264
-0.35736496855985267
-0.3906213097331307
-0.7633204892974256
-0.379313986709596
-0.39256727776028494
-0.5065009863491184
-0.36692071708628526
-0.36002631362105153
-0.379313986709596
-0.4464674256253607
-0.379313986709596
-0.3741267970364356
-0.375236265324092
-0.3650901442075195
-0.375236265324092
-0.3650901442075195
-0.375236265324092
-0.3906213097331307
-0.4259170862112311
-0.5408821455211076
-0.3741267970364356
-0.379313986709596
-0.36002631362105153
-0.3924224372923272
-0.36692071708628526
-0.3906213097331307
-0.3667569890982379
-0.3818826220735828
-0.3695047727022816
-0.375236265324092
-0.3643770872160225
-0.35736496855985267
-0.3695047727022816
-0.4652786386715725
-0.3906213097331307
-0.3650901442075195
-0.4085634976683424
-0.3695047727022816
-0.40356367645116614
-0.3818826220735828
-0.375236265324092
-0.37403889522007183
-0.37403889522007183
-0.3695047727022816
-0.37244029913828536
-0.39256727776028494
-0.3906213097331307
-0.375236265324092
-0.4464674256253607
-0.38352089632768727
-0.372143486702107
-0.3906213097331307
-0.375236265324092
-0.379313986709596
-0.36692071708628526
-0.3906213097331307
-0.375236265324092
-0.5022908094538672
-0.35736496855985267
-0.35736496855985267
-0.372143486702107
-0.35736496855985267
-0.4597991317059193
-0.39076326644932974
-0.35736496855985267
-0.37403889522007183
-0.379313986709596
-0.375236265324092
-0.3643770872160225
-0.3695047727022816
-0.375236265324092
-0.375236265324092
-0.4464674256253607
-0.37403889522007183
-0.35736496855985267
-0.3643770872160225
-0.3643770872160225
-0.39256727776028494
-0.4464674256253607
-0.375236265324092
-0.40637147751616587
-0.35736496855985267
-0.3695047727022816
-0.3695047727022816
-0.39256727776028494
-0.4652786386715725
-0.39256727776028494
-0.39256727776028494
-0.35736496855985267
-0.41164280121213337
-0.37244029913828536
-0.3643770872160225
-0.39076326644932974
-0.39742900524612496
-0.4333666246094604
-0.45595336903206685
-0.5288320080974872
-0.46436896063956196
-0.5586254860456821
-0.4414380574710242
-0.46436896063956196
-0.4414380574710242
-0.48201738123605037
-0.4681473493042994
-0.5134569663783788
-0.44943155734931284
-0.44681340406096987
-0.5589418460358487
-0.5004760583507286
-0.5557045401276589
-0.4470950417359645
-0.5361179947907669
-0.45681000652593334
-0.46436896063956196
-0.4565313720431307
-0.45007137600118163
-0.45007137600118163
-0.47251132389995554
-0.5194934150122005
-0.48507281554748455
-0.44943155734931284
-0.5361179947907669
-0.5135698314472852
-0.568206503632379
-0.4544300741982596
-0.4414380574710242
-0.5023358708701003
-0.5448870427426331
-0.5597353671795837
-0.5532932535969296
-0.5589418460358487
-0.4761426489271848
-0.4272207822737744
-0.4165318320711299
-0.47939391954199695
-0.4165318320711299
-0.4272207822737744
-0.4272207822737744
-0.44835781731117574
-0.4165318320711299
-0.4165318320711299
-0.4272207822737744
-0.4272207822737744
-0.4165318320711299
-0.4165318320711299
-0.47939391954199695
-0.4761426489271848
-0.4761426489271848
-0.5484453728465617
-0.43384381769713126
-0.4139214403779252
-0.4165318320711299
-0.4272207822737744
-0.4165318320711299
-0.40637147751616587
-0.48607982844234154
-0.4272207822737744
-0.4139214403779252
-0.4139214403779252
-0.4165318320711299
-0.38352089632768727
-0.47939391954199695
-0.4394321754886125
-0.5287148557880917
-0.4272207822737744
-0.4272207822737744
-0.523597654320425
-0.4165318320711299
-0.3695047727022816
-0.4139214403779252
-0.4670714205033017
-0.39667932132918804
-0.4272207822737744
-0.4411418715845977
-0.4139214403779252
-0.3861913527913857
-0.4413053070912098
-0.37244029913828536
-0.43384381769713126
-0.4272207822737744
-0.4272207822737744
-0.4272207822737744
-0.4272207822737744
-0.4165318320711299
-0.4165318320711299
-0.38352089632768727
-0.4272207822737744
-0.4272207822737744
-0.4495651108793707
-0.38352089632768727
-0.4272207822737744
-0.4165318320711299
-0.4272207822737744
-0.36692071708628526
-0.409319260391433
-0.4165318320711299
-0.4394321754886125
-0.4272207822737744
-0.47939391954199695
-0.4165318320711299
-0.43384381769713126
-0.4165318320711299
-0.48607982844234154
-0.4139214403779252
-0.4272207822737744
-0.4165318320711299
-0.4165318320711299
-0.41350058097352105
-0.35736496855985267
-0.4272207822737744
-0.4486551114262784
-0.39742900524612496
-0.45144986916873425
-0.4495651108793707
-0.3667569890982379
-0.37403889522007183
-0.3667569890982379
-0.43384381769713126
-0.3695047727022816
-0.3695047727022816
-0.39472582192413236
-0.41053144848128476
-0.487325445579978
-0.40637147751616587
-0.41053144848128476
-0.41053144848128476
-0.43384381769713126
-0.4298063903306002
-0.4509332990105619
-0.4683455757303754
-0.4139214403779252
-0.42354773291144704
-0.42354773291144704
-0.41053144848128476
-0.4165318320711299
-0.5973908429981101
-0.4272207822737744
-0.4272207822737744
-0.4165318320711299
-0.5040140451429204
-0.4272207822737744
-0.4165318320711299
-0.43384381769713126
-0.4139214403779252
-0.5013572178717001
-0.4272207822737744
-0.4272207822737744
-0.4165318320711299
-0.4394321754886125
-0.4272207822737744
-0.5484453728465617
-0.4139214403779252
-0.4272207822737744
-0.4394321754886125
-0.5040140451429204
-0.4165318320711299
-0.4272207822737744
-0.4272207822737744
-0.4165318320711299
