-0.42582242762972333
-0.36737819793755444
-0.471395019457081
-0.36737819793755444
-0.3809726643015677
-0.44478087495504687
-0.4170840010591983
-0.47740641372865084
-0.36859292745067956
-0.35588419953770345
-0.4603974789510804
-0.3809726643015677
-0.44478087495504687
-0.44478087495504687
-0.38962313173012547
-0.36859292745067956
-0.36859292745067956
-0.3809726643015677
-0.36859292745067956
-0.4603974789510804
-0.3809726643015677
-0.3809726643015677
-0.3809726643015677
-0.3809726643015677
-0.36737819793755444
-0.4603974789510804
-0.3809726643015677
-0.44478087495504687
-0.4603974789510804
-0.44478087495504687
-0.44478087495504687
-0.4603974789510804
-0.36859292745067956
-0.3809726643015677
-0.3809726643015677
-0.44478087495504687
-0.36859292745067956
-0.36859292745067956
-0.36859292745067956
-0.3778801042980724
-0.3809726643015677
-0.36859292745067956
-0.36737819793755444
-0.4603974789510804
-0.3809726643015677
-0.36859292745067956
-0.3778801042980724
-0.3809726643015677
-0.36737819793755444
-0.4149112513413911
-0.4603974789510804
-0.3809726643015677
-0.3809726643015677
-0.37791731536714807
-0.36737819793755444
-0.42582242762972333
-0.42582242762972333
-0.42582242762972333
-0.4756543026629792
-0.4756543026629792
-0.4170840010591983
-0.3809726643015677
-0.44478087495504687
-0.36737819793755444
-0.3778801042980724
-0.44478087495504687
-0.5441885675517316
-0.44478087495504687
-0.4603974789510804
-0.4697868911325739
-0.3809726643015677
-0.4639654429339285
-0.36737819793755444
-0.3809726643015677
-0.44478087495504687
-0.4639654429339285
-0.3809726643015677
-0.3809726643015677
-0.3624191690466332
-0.3778801042980724
-0.3809726643015677
-0.3809726643015677
-0.3809726643015677
-0.3898699306778015
-0.3809726643015677
-0.36859292745067956
-0.36859292745067956
-0.36737819793755444
-0.4603974789510804
-0.44478087495504687
-0.3778801042980724
-0.36770724227311663
-0.36737819793755444
-0.36737819793755444
-0.4603974789510804
-0.3624191690466332
-0.36737819793755444
-0.36859292745067956
-0.44478087495504687
-0.3809726643015677
-0.36859292745067956
-0.36859292745067956
-0.4697868911325739
-0.3809726643015677
-0.37753008073486594
-0.3778801042980724
-0.44478087495504687
-0.443355553200587
-0.44478087495504687
-0.36737819793755444
-0.3809726643015677
-0.36859292745067956
-0.37753008073486594
-0.44793327510695774
-0.4639654429339285
-0.44478087495504687
-0.44478087495504687
-0.44478087495504687
-0.36859292745067956
-0.4603974789510804
-0.36737819793755444
-0.36859292745067956
-0.3778801042980724
-0.35316731784763916
-0.3809726643015677
-0.36859292745067956
-0.44478087495504687
-0.36859292745067956
-0.4603974789510804
-0.44478087495504687
-0.44478087495504687
-0.3809726643015677
-0.4639654429339285
-0.44478087495504687
-0.35588419953770345
-0.44478087495504687
-0.3778801042980724
-0.3809726643015677
-0.36737819793755444
-0.36737819793755444
-0.36737819793755444
-0.36859292745067956
-0.3809726643015677
-0.4603974789510804
-0.3778801042980724
-0.35588419953770345
-0.36737819793755444
-0.37753008073486594
-0.36859292745067956
-0.4603974789510804
-0.37753008073486594
-0.44478087495504687
-0.36859292745067956
-0.35316731784763916
-0.36737819793755444
-0.3778801042980724
-0.3809726643015677
-0.36859292745067956
-0.3778801042980724
-0.36737819793755444
-0.3809726643015677
-0.3809726643015677
-0.3809726643015677
-0.3898699306778015
-0.3809726643015677
-0.36737819793755444
-0.4603974789510804
-0.3778801042980724
-0.36737819793755444
-0.3898699306778015
-0.44478087495504687
-0.3809726643015677
-0.44478087495504687
-0.3809726643015677
-0.36737819793755444
-0.36737819793755444
-0.3809726643015677
-0.37791731536714807
-0.36737819793755444
-0.3624191690466332
-0.3609667940178183
-0.3809726643015677
-0.3809726643015677
-0.3898699306778015
-0.36859292745067956
-0.36737819793755444
-0.36737819793755444
-0.3898699306778015
-0.36859292745067956
-0.35588419953770345
-0.36859292745067956
-0.36859292745067956
-0.44478087495504687
-0.3809726643015677
-0.36859292745067956
-0.44478087495504687
-0.36737819793755444
-0.36859292745067956
-0.3809726643015677
-0.36737819793755444
-0.3778801042980724
-0.4591719457492772
-0.36859292745067956
-0.3809726643015677
-0.3898699306778015
-0.36859292745067956
-0.44478087495504687
-0.3809726643015677
-0.44478087495504687
-0.4603974789510804
-0.36859292745067956
-0.3778801042980724
-0.3809726643015677
-0.4603974789510804
-0.36859292745067956
-0.3898699306778015
-0.3809726643015677
-0.5059138123960696
-0.48326951515945804
-0.4603974789510804
-0.36737819793755444
-0.3809726643015677
-0.36737819793755444
-0.36859292745067956
-0.3809726643015677
-0.3809726643015677
-0.36859292745067956
-0.3809726643015677
-0.36737819793755444
-0.3809726643015677
-0.36859292745067956
-0.36737819793755444
-0.36737819793755444
-0.3778801042980724
-0.36859292745067956
-0.36737819793755444
-0.3809726643015677
-0.4603974789510804
-0.3809726643015677
-0.3809726643015677
-0.3778801042980724
-0.36737819793755444
-0.3809726643015677
-0.3809726643015677
-0.36859292745067956
-0.35316731784763916
-0.46302618887001284
-0.3809726643015677
-0.4603974789510804
-0.36859292745067956
-0.44478087495504687
-0.36859292745067956
-0.36859292745067956
-0.4603974789510804
-0.4149112513413911
-0.37753008073486594
-0.44478087495504687
-0.3809726643015677
-0.3898699306778015
-0.36737819793755444
-0.35316731784763916
-0.3809726643015677
-0.4639654429339285
-0.3778801042980724
-0.557693258416796
-0.44478087495504687
-0.36859292745067956
-0.36859292745067956
-0.36737819793755444
-0.4603974789510804
-0.3809726643015677
-0.3809726643015677
-0.44478087495504687
-0.4603974789510804
-0.44478087495504687
-0.3898699306778015
-0.36737819793755444
-0.4603974789510804
-0.3809726643015677
-0.4149112513413911
-0.4603974789510804
-0.36859292745067956
-0.3778801042980724
-0.3809726643015677
-0.3809726643015677
-0.36859292745067956
-0.3809726643015677
-0.3809726643015677
-0.36859292745067956
-0.3809726643015677
-0.44478087495504687
-0.3809726643015677
-0.3809726643015677
-0.36859292745067956
-0.3809726643015677
-0.36859292745067956
-0.44478087495504687
-0.3809726643015677
-0.3809726643015677
-0.3809726643015677
-0.36859292745067956
-0.44478087495504687
-0.3809726643015677
-0.3809726643015677
-0.36737819793755444
-0.36737819793755444
-0.35588419953770345
-0.36859292745067956
-0.4603974789510804
-0.44478087495504687
-0.36737819793755444
-0.3809726643015677
-0.36859292745067956
-0.3809726643015677
-0.3809726643015677
-0.3778801042980724
-0.3624191690466332
-0.44478087495504687
-0.36859292745067956
-0.4603974789510804
-0.4603974789510804
-0.3809726643015677
-0.451439227806565
-0.3809726643015677
-0.36859292745067956
-0.36859292745067956
-0.3809726643015677
-0.36859292745067956
-0.3898699306778015
-0.37753008073486594
-0.3809726643015677
-0.3809726643015677
-0.3809726643015677
-0.3898699306778015
-0.44478087495504687
-0.3778801042980724
-0.44478087495504687
-0.36737819793755444
-0.4639654429339285
-0.36859292745067956
-0.44478087495504687
-0.36737819793755444
-0.36737819793755444
-0.44478087495504687
-0.4211185516930431
-0.47400626354663883
-0.36859292745067956
-0.3809726643015677
-0.3809726643015677
-0.3778801042980724
-0.3809726643015677
-0.3778801042980724
-0.44478087495504687
-0.3809726643015677
-0.44478087495504687
-0.4603974789510804
-0.44478087495504687
-0.44478087495504687
-0.3809726643015677
-0.3809726643015677
-0.3809726643015677
-0.3809726643015677
-0.36737819793755444
-0.3809726643015677
-0.4603974789510804
-0.3809726643015677
-0.36737819793755444
-0.44478087495504687
-0.3809726643015677
-0.3809726643015677
-0.3665423700927834
-0.36737819793755444
-0.3809726643015677
-0.44478087495504687
-0.3809726643015677
-0.36859292745067956
-0.4603974789510804
-0.3809726643015677
-0.36859292745067956
-0.3809726643015677
-0.3809726643015677
-0.44478087495504687
-0.36737819793755444
-0.37753008073486594
-0.3624191690466332
-0.44478087495504687
-0.3809726643015677
-0.4603974789510804
-0.3809726643015677
-0.44478087495504687
-0.44478087495504687
-0.4603974789510804
-0.3809726643015677
-0.44478087495504687
-0.3809726643015677
-0.36770724227311663
-0.3778801042980724
-0.44478087495504687
-0.3898699306778015
-0.3624191690466332
-0.3898699306778015
-0.3778801042980724
-0.36859292745067956
-0.3809726643015677
-0.44478087495504687
-0.36859292745067956
-0.3809726643015677
-0.36859292745067956
-0.36737819793755444
-0.3778801042980724
-0.36859292745067956
-0.37791731536714807
-0.4639654429339285
-0.44478087495504687
-0.4603974789510804
-0.36859292745067956
-0.3809726643015677
-0.3898699306778015
-0.3778801042980724
-0.42946228263152986
-0.44478087495504687
-0.3809726643015677
-0.44478087495504687
-0.36737819793755444
-0.4603974789510804
-0.3624191690466332
-0.3809726643015677
-0.44478087495504687
-0.3809726643015677
-0.3778801042980724
-0.36859292745067956
-0.4603974789510804
-0.36859292745067956
-0.3809726643015677
-0.36859292745067956
-0.44478087495504687
-0.44478087495504687
-0.36737819793755444
-0.44478087495504687
-0.44478087495504687
-0.4639654429339285
-0.4149112513413911
-0.3809726643015677
-0.4603974789510804
-0.4639654429339285
-0.3809726643015677
-0.4639654429339285
-0.3809726643015677
-0.36859292745067956
-0.3809726643015677
-0.36737819793755444
-0.4603974789510804
-0.44478087495504687
-0.3809726643015677
-0.4603974789510804
-0.3809726643015677
-0.3809726643015677
-0.3809726643015677
-0.4603974789510804
-0.3809726643015677
-0.3809726643015677
-0.36859292745067956
-0.36737819793755444
-0.3809726643015677
-0.3898699306778015
-0.3809726643015677
-0.36737819793755444
-0.3809726643015677
-0.36737819793755444
-0.4697868911325739
-0.36859292745067956
-0.3778801042980724
-0.44478087495504687
-0.3809726643015677
-0.3809726643015677
-0.4639654429339285
-0.4603974789510804
-0.3809726643015677
-0.4639654429339285
-0.44478087495504687
-0.44478087495504687
-0.44478087495504687
-0.36737819793755444
-0.44478087495504687
-0.3809726643015677
-0.4639654429339285
-0.3809726643015677
-0.44478087495504687
-0.3778801042980724
-0.4697868911325739
-0.3809726643015677
-0.3809726643015677
-0.36737819793755444
-0.3809726643015677
-0.3809726643015677
-0.3809726643015677
-0.36737819793755444
-0.44478087495504687
-0.3778801042980724
-0.36859292745067956
-0.3809726643015677
-0.36737819793755444
-0.42946228263152986
-0.36859292745067956
-0.36737819793755444
-0.36859292745067956
-0.44478087495504687
-0.4639654429339285
-0.36859292745067956
-0.36859292745067956
-0.3809726643015677
-0.3809726643015677
-0.44478087495504687
-0.36737819793755444
-0.44478087495504687
-0.3809726643015677
-0.3898699306778015
-0.3809726643015677
-0.36737819793755444
-0.36737819793755444
-0.3809726643015677
-0.36859292745067956
-0.4603974789510804
-0.4603974789510804
-0.3809726643015677
-0.3809726643015677
-0.38962313173012547
-0.3809726643015677
-0.36859292745067956
-0.44478087495504687
-0.36859292745067956
-0.36737819793755444
-0.36859292745067956
-0.44478087495504687
-0.3809726643015677
-0.36737819793755444
-0.44478087495504687
-0.3898699306778015
-0.36859292745067956
-0.3809726643015677
-0.36448571464964824
-0.3778801042980724
-0.35588419953770345
-0.36859292745067956
-0.36737819793755444
-0.36859292745067956
-0.3809726643015677
-0.3809726643015677
-0.36737819793755444
-0.3809726643015677
-0.36859292745067956
-0.3809726643015677
-0.44478087495504687
-0.4603974789510804
-0.3809726643015677
-0.4603974789510804
-0.36859292745067956
-0.4149112513413911
-0.44478087495504687
-0.36737819793755444
-0.36737819793755444
-0.4603974789510804
-0.36859292745067956
-0.42385579006091
-0.4634282676099218
-0.36737819793755444
-0.36859292745067956
-0.3809726643015677
-0.3898699306778015
-0.3809726643015677
-0.36859292745067956
-0.4445901293864078
-0.36859292745067956
-0.36737819793755444
-0.36859292745067956
-0.4639654429339285
-0.3898699306778015
-0.36859292745067956
-0.4603974789510804
-0.36859292745067956
-0.36737819793755444
-0.3809726643015677
-0.44478087495504687
-0.3809726643015677
-0.3778801042980724
-0.36859292745067956
-0.4603974789510804
-0.3809726643015677
-0.4603974789510804
-0.36737819793755444
-0.3809726643015677
-0.3778801042980724
-0.3809726643015677
-0.4603974789510804
-0.3624191690466332
-0.36859292745067956
-0.42385579006091
-0.36859292745067956
-0.3809726643015677
-0.3809726643015677
-0.44478087495504687
-0.36859292745067956
-0.3809726643015677
-0.4603974789510804
-0.37753008073486594
-0.3778801042980724
-0.36859292745067956
-0.4603974789510804
-0.3609667940178183
-0.3809726643015677
-0.3809726643015677
-0.3809726643015677
-0.36859292745067956
-0.4149112513413911
-0.36859292745067956
-0.36859292745067956
-0.36737819793755444
-0.36737819793755444
-0.3809726643015677
-0.36859292745067956
-0.4603974789510804
-0.36737819793755444
-0.4603974789510804
-0.4639654429339285
-0.36859292745067956
-0.36737819793755444
-0.44478087495504687
-0.36859292745067956
-0.36859292745067956
-0.36737819793755444
-0.44478087495504687
-0.4603974789510804
-0.3778801042980724
-0.36770724227311663
-0.36737819793755444
-0.36859292745067956
-0.36859292745067956
-0.4149112513413911
-0.44478087495504687
-0.44478087495504687
-0.36737819793755444
-0.44478087495504687
-0.36448571464964824
-0.3809726643015677
-0.41547768004446184
-0.3809726643015677
-0.36737819793755444
-0.36737819793755444
-0.37753008073486594
-0.35588419953770345
-0.3809726643015677
-0.36737819793755444
-0.44478087495504687
-0.3898699306778015
-0.4603974789510804
-0.44478087495504687
-0.4697868911325739
-0.44478087495504687
-0.3809726643015677
-0.36737819793755444
-0.36859292745067956
-0.44478087495504687
-0.3809726643015677
-0.3778801042980724
-0.3809726643015677
-0.36737819793755444
-0.44478087495504687
-0.44478087495504687
-0.3953384127014576
-0.36737819793755444
-0.38655414999937326
-0.3778801042980724
-0.44478087495504687
-0.4603974789510804
-0.36737819793755444
-0.36859292745067956
-0.3809726643015677
-0.4603974789510804
-0.3809726643015677
-0.36737819793755444
-0.44478087495504687
-0.3809726643015677
-0.36859292745067956
-0.3809726643015677
-0.36737819793755444
-0.3809726643015677
-0.3809726643015677
-0.3809726643015677
-0.4603974789510804
-0.44478087495504687
-0.44478087495504687
-0.4149112513413911
-0.44478087495504687
-0.44478087495504687
-0.36737819793755444
-0.3778801042980724
-0.36737819793755444
-0.37753008073486594
-0.36859292745067956
-0.44478087495504687
-0.3809726643015677
-0.4603974789510804
-0.3809726643015677
-0.3809726643015677
-0.3809726643015677
-0.44478087495504687
-0.4603974789510804
-0.36737819793755444
-0.3809726643015677
-0.3809726643015677
-0.3809726643015677
-0.3809726643015677
-0.5465783214276865
-0.4603974789510804
-0.36737819793755444
-0.3809726643015677
-0.3809726643015677
-0.36737819793755444
-0.3809726643015677
-0.36859292745067956
-0.4639654429339285
-0.3778801042980724
-0.44478087495504687
-0.3809726643015677
-0.3898699306778015
-0.3778801042980724
-0.3809726643015677
-0.36737819793755444
-0.44478087495504687
-0.3809726643015677
-0.3809726643015677
-0.35588419953770345
-0.36859292745067956
-0.35588419953770345
-0.3809726643015677
-0.37753008073486594
-0.3809726643015677
-0.44478087495504687
-0.4639654429339285
-0.36737819793755444
-0.3809726643015677
-0.36737819793755444
-0.36737819793755444
-0.44478087495504687
-0.44478087495504687
-0.37791731536714807
-0.36859292745067956
-0.3809726643015677
-0.4603974789510804
-0.44478087495504687
-0.44478087495504687
-0.3809726643015677
-0.5774546585049966
-0.46302618887001284
-0.46302618887001284
-0.5774546585049966
-0.569965576965456
-0.5574381341042844
-0.5651881095687116
-0.47388358726605523
-0.43550755236139366
-0.5574381341042844
-0.5651881095687116
-0.46302618887001284
-0.43550755236139366
-0.46302618887001284
-0.4608559622047083
-0.48008100817223115
-0.5574381341042844
-0.5913291223293028
-0.4416299126467108
-0.46302618887001284
-0.569965576965456
-0.5610619031279245
-0.43550755236139366
-0.4395224588161633
-0.4395224588161633
-0.5574381341042844
-0.5170444789572173
-0.4395224588161633
-0.46302618887001284
-0.46302618887001284
-0.4395224588161633
-0.5014253834439993
-0.5014253834439993
-0.5909846523545593
-0.43550755236139366
-0.46302618887001284
-0.5574381341042844
-0.43550755236139366
-0.43550755236139366
-0.4416299126467108
-0.471395019457081
-0.43781766137823225
-0.4756543026629792
-0.42582242762972333
-0.4756543026629792
-0.42582242762972333
-0.42582242762972333
-0.4756543026629792
-0.42582242762972333
-0.42582242762972333
-0.42582242762972333
-0.42582242762972333
-0.4756543026629792
-0.4803646607414806
-0.42582242762972333
-0.471395019457081
-0.471395019457081
-0.471395019457081
-0.4756543026629792
-0.471395019457081
-0.37791731536714807
-0.42582242762972333
-0.42582242762972333
-0.42582242762972333
-0.471395019457081
-0.4756543026629792
-0.4081208089264443
-0.42582242762972333
-0.42582242762972333
-0.4081208089264443
-0.471395019457081
-0.42582242762972333
-0.471395019457081
-0.4667065482646171
-0.4170840010591983
-0.42582242762972333
-0.42582242762972333
-0.42582242762972333
-0.4170840010591983
-0.4170840010591983
-0.471395019457081
-0.4775400421449038
-0.4081208089264443
-0.4081208089264443
-0.4775400421449038
-0.4756543026629792
-0.4756543026629792
-0.42582242762972333
-0.4756543026629792
-0.4756543026629792
-0.4756543026629792
-0.4756543026629792
-0.4756543026629792
-0.3624191690466332
-0.4445901293864078
-0.557693258416796
-0.3624191690466332
-0.5497663903855711
-0.4170840010591983
-0.4756543026629792
-0.4756543026629792
-0.4756543026629792
-0.42582242762972333
-0.42582242762972333
-0.4756543026629792
-0.42582242762972333
-0.42582242762972333
-0.42582242762972333
-0.4756543026629792
-0.4756543026629792
-0.4756543026629792
-0.471395019457081
-0.42582242762972333
-0.3953384127014576
-0.4756543026629792
-0.38962313173012547
-0.42582242762972333
-0.4081208089264443
-0.42582242762972333
-0.4803646607414806
-0.42582242762972333
-0.42582242762972333
-0.42582242762972333
-0.42582242762972333
-0.42582242762972333
-0.42582242762972333
-0.42582242762972333
-0.42582242762972333
-0.42582242762972333
-0.42582242762972333
-0.42582242762972333
-0.4803646607414806
-0.4170840010591983
-0.4756543026629792
-0.4756543026629792
-0.42582242762972333
-0.42582242762972333
-0.42582242762972333
-0.42582242762972333
-0.4803646607414806
-0.4756543026629792
-0.4756543026629792
-0.4775400421449038
