-0.40154344064867864
-0.40154344064867864
-0.523564430931419
-0.45078384136758054
-0.44141421379676493
-0.4565955722145326
-0.3856229695883233
-0.36950028162825316
-0.44369506911201617
-0.35835824367189056
-0.44369506911201617
-0.3951822624413978
-0.40154344064867864
-0.38910579863027367
-0.39095571856585615
-0.36926926807685023
-0.3631300189615524
-0.36950028162825316
-0.41770603188807937
-0.3829037038098689
-0.40154344064867864
-0.3977933445909778
-0.38910579863027367
-0.3856229695883233
-0.40154344064867864
-0.3977933445909778
-0.4502427073673357
-0.37032878912390127
-0.3893590181686142
-0.5383026544408736
-0.3856229695883233
-0.40154344064867864
-0.4098245214239097
-0.40154344064867864
-0.4950292605013624
-0.3856229695883233
-0.37133410779575937
-0.40154344064867864
-0.36926926807685023
-0.40154344064867864
-0.3893590181686142
-0.378230733293669
-0.4679922877142257
-0.37133410779575937
-0.3856229695883233
-0.44304523824305114
-0.5958351826725047
-0.4565955722145326
-0.45078384136758054
-0.42593974487528274
-0.4097479402192393
-0.4565955722145326
-0.36926926807685023
-0.4795423120818584
-0.4565955722145326
