-0.4319849675249043
-0.4281694756285119
-0.5007397228350086
-0.3909210134317005
-0.4281694756285119
-0.3941690431803709
-0.3941690431803709
-0.4182577151641012
-0.38749934623061477
-0.5199051950728711
-0.4338988839993328
-0.4281694756285119
-0.4182577151641012
-0.37898807433930853
-0.3941690431803709
-0.37898807433930853
-0.3941690431803709
-0.443007368650006
-0.3941690431803709
-0.3909210134317005
-0.35658877063615574
-0.3909210134317005
-0.3941690431803709
-0.4193551468314348
-0.38749934623061477
-0.3659094948956814
-0.36948238757136603
-0.6993243547277791
-0.4182577151641012
-0.4182577151641012
-0.5716968376565521
-0.3941690431803709
-0.3941690431803709
-0.3909210134317005
-0.47521252270215625
-0.3941690431803709
-0.3941690431803709
-0.3941690431803709
-0.3909210134317005
-0.3941690431803709
-0.3941690431803709
-0.3941690431803709
-0.3653398607933155
-0.37436600951536464
-0.3909210134317005
-0.37898807433930853
-0.3836362633160279
-0.3976271283770317
-0.4759909126237911
-0.36948238757136603
-0.5785053199800507
-0.38752991336140313
-0.37898807433930853
-0.38749934623061477
-0.4193551468314348
-0.3836362633160279
-0.3653398607933155
-0.4193551468314348
-0.5322291488250503
-0.3941690431803709
-0.3836362633160279
-0.5364426359801635
-0.3659094948956814
-0.5091786806734053
-0.36154382837547056
-0.3640390052033461
-0.3941690431803709
-0.38749934623061477
-0.3752151102159964
-0.3757789354467842
-0.3941690431803709
-0.5571416483196514
-0.3941690431803709
-0.44856942313564463
-0.47521252270215625
-0.371605815831767
-0.371605815831767
-0.3976271283770317
-0.4338988839993328
-0.4338988839993328
-0.4640443085652152
-0.4131876013202351
-0.4131876013202351
-0.4319849675249043
-0.4182577151641012
-0.4281694756285119
-0.4131876013202351
-0.5090088837856019
-0.4319849675249043
-0.4319849675249043
-0.4319849675249043
-0.4281694756285119
-0.4182577151641012
-0.38752962581616957
-0.4471804270264455
-0.3941690431803709
-0.38752962581616957
-0.38752962581616957
-0.37898807433930853
-0.46971332958606227
-0.3976271283770317
-0.44856942313564463
-0.3836362633160279
-0.3836362633160279
-0.3659094948956814
-0.6602194655241459
-0.36637604929109924
-0.3882758394352851
-0.38749934623061477
-0.37898807433930853
-0.35658877063615574
-0.6016735504341608
-0.37898807433930853
-0.4121383963788023
-0.38749934623061477
-0.3653398607933155
-0.37898807433930853
-0.3909210134317005
-0.3752151102159964
-0.38749934623061477
-0.47521252270215625
-0.3909210134317005
-0.3640390052033461
-0.4193551468314348
-0.35658877063615574
-0.4471804270264455
-0.38749934623061477
-0.35658877063615574
-0.37898807433930853
-0.5785053199800507
-0.3976271283770317
-0.37898807433930853
-0.37898807433930853
-0.6632271056909552
-0.5113283252534331
-0.3879048509838847
-0.5992493184013341
-0.3941690431803709
-0.35658877063615574
-0.3653398607933155
-0.36154382837547056
-0.37898807433930853
-0.37898807433930853
-0.37898807433930853
-0.371605815831767
-0.42924525273019104
-0.46968086756280725
-0.3976271283770317
-0.37898807433930853
-0.4471804270264455
-0.4193551468314348
-0.37898807433930853
-0.3882758394352851
-0.3909210134317005
-0.4713907733010851
-0.3941690431803709
-0.3909210134317005
-0.3653398607933155
-0.36154382837547056
-0.38752991336140313
-0.6237078078449633
-0.3757789354467842
-0.37436600951536464
-0.3757789354467842
-0.3941690431803709
-0.4114075892750683
-0.3994357817530382
-0.3659094948956814
-0.4193551468314348
-0.539620345361059
-0.4121383963788023
-0.4193551468314348
-0.35658877063615574
-0.37898807433930853
-0.3941690431803709
-0.4471804270264455
-0.37436600951536464
-0.4615448669835189
-0.38749934623061477
-0.36948238757136603
-0.38749934623061477
-0.3909210134317005
-0.36637604929109924
-0.3710255726216394
-0.6813307299259004
-0.3976271283770317
-0.35658877063615574
-0.37898807433930853
-0.37898807433930853
-0.3640390052033461
-0.35658877063615574
-0.37898807433930853
-0.3941690431803709
-0.3976271283770317
-0.38684236452258314
-0.4834703335002067
-0.35658877063615574
-0.36948238757136603
-0.3879048509838847
-0.371605815831767
-0.35658877063615574
-0.3909210134317005
-0.38752962581616957
-0.38749934623061477
-0.37898807433930853
-0.37898807433930853
-0.5364426359801635
-0.5092087046100042
-0.37898807433930853
-0.45703982700376394
-0.47521252270215625
-0.35658877063615574
-0.3653398607933155
-0.371605815831767
-0.414669806426221
-0.3909210134317005
-0.37795428923893887
-0.37898807433930853
-0.3909210134317005
-0.4193551468314348
-0.3653398607933155
-0.3976271283770317
-0.37898807433930853
-0.3640390052033461
-0.3659094948956814
-0.37898807433930853
-0.38749934623061477
-0.38749934623061477
-0.4734469455184039
-0.3909210134317005
-0.37898807433930853
-0.3879048509838847
-0.6016735504341608
-0.44680163577922954
-0.3909210134317005
-0.37898807433930853
-0.37898807433930853
-0.5594018682819504
-0.6575447255428812
-0.4193551468314348
-0.3909210134317005
-0.3909210134317005
-0.4471804270264455
-0.4759909126237911
-0.36948238757136603
-0.3941690431803709
-0.3976271283770317
-0.3941690431803709
-0.38749934623061477
-0.3909210134317005
-0.36948238757136603
-0.3757789354467842
-0.37195141952545907
-0.4397750689449073
-0.36637604929109924
-0.4471804270264455
-0.36154382837547056
-0.3909210134317005
-0.47521252270215625
-0.3909210134317005
-0.371605815831767
-0.5368286723853283
-0.4777444479628573
-0.36948238757136603
-0.37898807433930853
-0.37898807433930853
-0.3909210134317005
-0.46971332958606227
-0.4020090818422678
-0.38749934623061477
-0.3941690431803709
-0.3640390052033461
-0.3640390052033461
-0.38845397386542985
-0.3941690431803709
-0.35658877063615574
-0.4193551468314348
-0.3941690431803709
-0.4193551468314348
-0.41983402097461436
-0.3640390052033461
-0.3941690431803709
-0.35658877063615574
-0.37898807433930853
-0.371605815831767
-0.38752962581616957
-0.47521252270215625
-0.38749934623061477
-0.6448563819466139
-0.414669806426221
-0.3659094948956814
-0.3909210134317005
-0.3941690431803709
-0.3941690431803709
-0.37898807433930853
-0.38749934623061477
-0.36948238757136603
-0.38749934623061477
-0.7187958298873599
-0.5527140904692944
-0.37436600951536464
-0.5092087046100042
-0.443007368650006
-0.37898807433930853
-0.38749934623061477
-0.3976271283770317
-0.38752962581616957
-0.3941690431803709
-0.3909210134317005
-0.4193551468314348
-0.3836362633160279
-0.37898807433930853
-0.47538975817601775
-0.5406748054162009
-0.5218371169034521
-0.5733026609286458
-0.4708598540590403
-0.5317656461625481
-0.6459429986805514
-0.5634616645059973
-0.5298378294622854
-0.5813386504029562
-0.5133778637018231
-0.48085499591978015
-0.45712773832087256
-0.6650738890474315
-0.632354379274906
-0.4338988839993328
-0.4319849675249043
-0.4281694756285119
-0.4319849675249043
-0.4131876013202351
-0.4182577151641012
-0.4182577151641012
-0.4319849675249043
-0.4281694756285119
-0.4131876013202351
-0.4319849675249043
-0.4131876013202351
-0.441392402380067
-0.4182577151641012
-0.4281694756285119
-0.4182577151641012
-0.4319849675249043
-0.4319849675249043
-0.46450125833674666
-0.4131876013202351
-0.4338988839993328
-0.4319849675249043
-0.4182577151641012
-0.4182577151641012
-0.36637604929109924
-0.6000339317488417
-0.4182577151641012
-0.4319849675249043
-0.4319849675249043
-0.410233583998142
-0.4182577151641012
-0.4319849675249043
-0.4182577151641012
-0.4319849675249043
-0.45281265801550535
-0.5649974188889698
-0.4634316695144061
-0.4131876013202351
-0.6366772020517495
-0.5012417238465489
-0.4131876013202351
-0.4281694756285119
-0.4182577151641012
-0.4182577151641012
-0.4182577151641012
-0.4182577151641012
-0.4182577151641012
-0.4338988839993328
-0.4131876013202351
-0.4281694756285119
-0.40961039283317363
-0.5012417238465489
-0.5863362819416265
-0.5012417238465489
-0.4319849675249043
-0.4319849675249043
-0.4319849675249043
-0.4338988839993328
-0.4338988839993328
-0.4281694756285119
-0.4319849675249043
-0.4338988839993328
-0.4338988839993328
-0.4319849675249043
-0.5012417238465489
-0.6569209934946999
-0.4121383963788023
-0.3976271283770317
-0.3941690431803709
-0.47521252270215625
-0.3941690431803709
-0.35658877063615574
-0.3941690431803709
-0.6232013752981379
-0.37795428923893887
-0.37898807433930853
-0.3941690431803709
-0.37436600951536464
-0.37898807433930853
-0.4238103665018438
-0.37898807433930853
-0.42249588527179954
-0.37795428923893887
-0.37898807433930853
-0.47600996048576855
-0.4471804270264455
-0.5007397228350086
-0.6602194655241459
-0.3976271283770317
-0.3710255726216394
-0.36948238757136603
-0.3941690431803709
-0.38749934623061477
-0.47521252270215625
-0.37898807433930853
-0.35658877063615574
-0.3659094948956814
-0.6306236964615354
-0.36637604929109924
-0.4471804270264455
-0.4631058677616134
-0.5364426359801635
-0.49758834214742126
-0.3941690431803709
-0.38749934623061477
-0.37898807433930853
-0.3941690431803709
-0.5006678601675574
-0.3941690431803709
-0.3909210134317005
-0.3941690431803709
-0.37898807433930853
-0.44338671665069446
-0.36637604929109924
-0.3640390052033461
-0.38749934623061477
-0.414669806426221
-0.3752151102159964
-0.3909210134317005
-0.37898807433930853
-0.37898807433930853
-0.3757789354467842
-0.3909210134317005
-0.36637604929109924
-0.3909210134317005
-0.37195141952545907
-0.40961039283317363
-0.37795428923893887
-0.3941690431803709
-0.5364426359801635
-0.5879888732202709
-0.5708163424229495
-0.4834703335002067
-0.3757789354467842
-0.49490030004396013
-0.35658877063615574
-0.4193551468314348
-0.3659094948956814
-0.36154382837547056
-0.38752962581616957
-0.37898807433930853
-0.37898807433930853
-0.4193551468314348
-0.3836362633160279
-0.3941690431803709
-0.38752962581616957
-0.3941690431803709
-0.37195141952545907
-0.37898807433930853
-0.4471804270264455
-0.4634316695144061
-0.38749934623061477
-0.4471804270264455
-0.47521252270215625
-0.38749934623061477
-0.3976271283770317
-0.37898807433930853
-0.37436600951536464
-0.36154382837547056
-0.38749934623061477
-0.3976271283770317
-0.3976271283770317
-0.38845397386542985
-0.3836362633160279
-0.3976271283770317
-0.568264254535788
-0.45232769593011396
-0.3976271283770317
-0.4114075892750683
-0.3752151102159964
-0.45703982700376394
-0.3640390052033461
-0.36948238757136603
-0.37898807433930853
-0.3659094948956814
-0.37898807433930853
-0.4193551468314348
-0.3653398607933155
-0.3909210134317005
-0.6334366075896317
-0.4471804270264455
-0.37898807433930853
-0.3909210134317005
-0.35658877063615574
-0.3659094948956814
-0.4471804270264455
-0.35658877063615574
-0.4055260660159055
-0.3976271283770317
-0.38749934623061477
-0.35658877063615574
-0.37898807433930853
-0.3941690431803709
-0.5087754400665992
-0.601097983456226
-0.5364426359801635
-0.3994357817530382
-0.5364426359801635
-0.47521252270215625
-0.3976271283770317
-0.570369323101492
-0.3909210134317005
-0.36154382837547056
-0.37898807433930853
-0.3941690431803709
-0.3653398607933155
-0.3653398607933155
-0.4471804270264455
-0.37898807433930853
-0.4471804270264455
-0.37898807433930853
-0.35658877063615574
-0.4193551468314348
-0.38749934623061477
-0.4631058677616134
-0.47521252270215625
-0.37898807433930853
-0.3941690431803709
-0.371605815831767
-0.7364001825710268
-0.6016735504341608
-0.3909210134317005
-0.38684236452258314
-0.37898807433930853
-0.371605815831767
-0.371605815831767
-0.38845397386542985
-0.5092087046100042
-0.443007368650006
-0.5457050796001455
-0.38749934623061477
-0.3653398607933155
-0.37436600951536464
-0.3640390052033461
-0.414669806426221
-0.4471804270264455
-0.4851714945218439
-0.4965583411748733
-0.728019107224968
-0.4471804270264455
-0.37898807433930853
-0.3879048509838847
-0.37898807433930853
-0.5785053199800507
-0.38749934623061477
-0.3640390052033461
-0.3976271283770317
-0.6177411229552686
-0.4193551468314348
-0.3659094948956814
-0.36154382837547056
-0.5368286723853283
-0.3909210134317005
-0.5199051950728711
-0.6575447255428812
-0.3941690431803709
-0.38752991336140313
-0.36948238757136603
-0.3710255726216394
-0.43664356822434713
-0.43664356822434713
-0.3941690431803709
-0.3941690431803709
-0.48908678714650794
-0.3976271283770317
-0.38845397386542985
-0.40961039283317363
-0.4471804270264455
-0.5092087046100042
-0.3976271283770317
-0.37195141952545907
-0.3941690431803709
-0.4055260660159055
-0.36154382837547056
-0.4551509798265242
-0.5193638783921
-0.3653398607933155
-0.5087754400665992
-0.3976271283770317
-0.4825607858288354
-0.4193551468314348
-0.36948238757136603
-0.4471804270264455
-0.3710255726216394
-0.36637604929109924
-0.37195141952545907
-0.7364001825710268
-0.3752151102159964
-0.47600996048576855
-0.37795428923893887
-0.3976271283770317
-0.35658877063615574
-0.52109304525958
-0.38749934623061477
-0.3752151102159964
-0.41674543823167787
-0.6206376339473246
-0.47521252270215625
-0.36154382837547056
-0.3976271283770317
-0.3909210134317005
-0.4193551468314348
-0.3976271283770317
-0.4193551468314348
-0.37898807433930853
-0.38749934623061477
-0.4193551468314348
-0.3752151102159964
-0.3882758394352851
-0.3909210134317005
-0.371605815831767
-0.4114075892750683
-0.3976271283770317
-0.36154382837547056
-0.3976271283770317
-0.4193551468314348
-0.3976271283770317
-0.35658877063615574
-0.3757789354467842
-0.36154382837547056
-0.35658877063615574
-0.3941690431803709
-0.3941690431803709
-0.3941690431803709
-0.3909210134317005
-0.38749934623061477
-0.3941690431803709
-0.4471804270264455
-0.49644020629931634
-0.5364426359801635
-0.5785053199800507
-0.3941690431803709
-0.3941690431803709
-0.37436600951536464
-0.5785053199800507
-0.47600996048576855
-0.3941690431803709
-0.3941690431803709
-0.3941690431803709
-0.37898807433930853
-0.41674543823167787
-0.37898807433930853
-0.3941690431803709
-0.4471804270264455
-0.3909210134317005
-0.3976271283770317
-0.3879048509838847
-0.38749934623061477
-0.3909210134317005
-0.5882170317567004
-0.4193551468314348
-0.3909210134317005
-0.5092087046100042
-0.3879048509838847
-0.6476093023474017
-0.3752151102159964
-0.3941690431803709
-0.36637604929109924
-0.36637604929109924
-0.3941690431803709
-0.3976271283770317
-0.37795428923893887
-0.4825607858288354
-0.3976271283770317
-0.38752991336140313
-0.38752991336140313
-0.37898807433930853
-0.38845397386542985
-0.5778912853881348
-0.3976271283770317
-0.3941690431803709
-0.41674543823167787
-0.3640390052033461
-0.38752962581616957
-0.36948238757136603
-0.3640390052033461
-0.5925111486336445
-0.3640390052033461
-0.3653398607933155
-0.4193551468314348
-0.38749934623061477
-0.3976271283770317
-0.3909210134317005
-0.4055260660159055
-0.42249588527179954
-0.36154382837547056
-0.3836362633160279
-0.4020090818422678
-0.3836362633160279
-0.38752962581616957
-0.38749934623061477
-0.3909210134317005
-0.36948238757136603
-0.6476093023474017
-0.3909210134317005
-0.38749934623061477
-0.3941690431803709
-0.3941690431803709
-0.3879048509838847
-0.38749934623061477
-0.3941690431803709
-0.36637604929109924
-0.36637604929109924
-0.3909210134317005
-0.35658877063615574
-0.36154382837547056
-0.35658877063615574
-0.5785053199800507
-0.3909210134317005
-0.4471804270264455
-0.3752151102159964
-0.37898807433930853
-0.48925751531080436
-0.3941690431803709
-0.4471804270264455
-0.4471804270264455
-0.4471804270264455
-0.5540627502323915
-0.7124893844437251
-0.5113283252534331
-0.3976271283770317
-0.3909210134317005
-0.3976271283770317
-0.4471804270264455
-0.3909210134317005
-0.45703982700376394
-0.3941690431803709
-0.37898807433930853
-0.3941690431803709
-0.5793450749843087
-0.38749934623061477
-0.38845397386542985
-0.5283130811131196
-0.3653398607933155
-0.38749934623061477
-0.3879048509838847
-0.38749934623061477
-0.3941690431803709
-0.3941690431803709
-0.4471804270264455
-0.3941690431803709
-0.410233583998142
-0.38752962581616957
-0.540788372027169
-0.37898807433930853
-0.3909210134317005
-0.36637604929109924
-0.3909210134317005
-0.3941690431803709
-0.46626586126037767
-0.3976271283770317
-0.38749934623061477
-0.37795428923893887
-0.4114075892750683
-0.3909210134317005
-0.3909210134317005
-0.3941690431803709
-0.37898807433930853
-0.44338671665069446
-0.5101551980159483
-0.3659094948956814
-0.3941690431803709
-0.35658877063615574
-0.3836362633160279
-0.4199758733067193
-0.3909210134317005
-0.3909210134317005
-0.38749934623061477
-0.37898807433930853
-0.3941690431803709
-0.3994357817530382
-0.3994357817530382
-0.36637604929109924
-0.3659094948956814
-0.3659094948956814
-0.49585501743650096
-0.5210314747258313
-0.6177411229552686
-0.3941690431803709
-0.3976271283770317
-0.6554521164659252
-0.3640390052033461
-0.3640390052033461
-0.3653398607933155
-0.37898807433930853
-0.3752151102159964
-0.47521252270215625
-0.37898807433930853
-0.4240184484304056
-0.37898807433930853
-0.3909210134317005
-0.4471804270264455
-0.3640390052033461
-0.3909210134317005
-0.3909210134317005
-0.36154382837547056
-0.36154382837547056
-0.4193551468314348
-0.47521252270215625
-0.37795428923893887
-0.6594783175576703
-0.6237078078449633
-0.35658877063615574
-0.37898807433930853
-0.3994357817530382
-0.41525566108417616
-0.5364426359801635
-0.3659094948956814
-0.3941690431803709
-0.4114075892750683
-0.3941690431803709
-0.47521252270215625
-0.3909210134317005
-0.3909210134317005
-0.37898807433930853
-0.3752151102159964
-0.3909210134317005
-0.3909210134317005
-0.37898807433930853
-0.443007368650006
-0.38845397386542985
-0.3659094948956814
-0.3976271283770317
-0.3909210134317005
-0.3909210134317005
-0.371605815831767
-0.371605815831767
-0.5706412159762356
-0.40961039283317363
-0.38752962581616957
-0.5785053199800507
-0.37898807433930853
-0.38749934623061477
-0.3909210134317005
-0.3909210134317005
-0.3976271283770317
-0.38749934623061477
-0.3941690431803709
-0.37898807433930853
-0.36154382837547056
-0.38749934623061477
-0.37898807433930853
-0.7740105119094373
-0.37898807433930853
-0.36948238757136603
-0.5831468262318862
-0.37795428923893887
-0.3941690431803709
-0.3941690431803709
-0.38752962581616957
-0.37195141952545907
-0.4471804270264455
-0.41983402097461436
-0.3909210134317005
-0.4777983821389623
-0.45174044882559306
-0.4193551468314348
-0.36154382837547056
-0.3941690431803709
-0.5444381203192347
-0.36948238757136603
-0.37898807433930853
-0.6237078078449633
-0.3659094948956814
-0.47521252270215625
-0.3976271283770317
-0.371605815831767
-0.4471804270264455
-0.3909210134317005
-0.5285174894378122
-0.3941690431803709
-0.4471804270264455
-0.3941690431803709
-0.3640390052033461
-0.46971332958606227
-0.4816237817816831
-0.4193551468314348
-0.35658877063615574
-0.44402246869710965
-0.38749934623061477
-0.4193551468314348
-0.3710255726216394
-0.3909210134317005
-0.47521252270215625
-0.37898807433930853
-0.3941690431803709
-0.38752962581616957
-0.3653398607933155
-0.3882758394352851
-0.3941690431803709
-0.4816237817816831
-0.37795428923893887
-0.41983402097461436
-0.38749934623061477
-0.689343962975057
-0.35658877063615574
-0.36154382837547056
-0.44402246869710965
-0.4471804270264455
-0.47521252270215625
-0.37195141952545907
-0.6237078078449633
-0.4193551468314348
-0.5007397228350086
-0.3976271283770317
-0.36637604929109924
-0.3976271283770317
-0.47600996048576855
-0.6177411229552686
-0.7302080092217766
-0.4551509798265242
-0.3659094948956814
-0.3659094948956814
-0.3941690431803709
-0.38749934623061477
-0.3879048509838847
-0.44372164321945046
-0.6575447255428812
-0.5785053199800507
-0.3976271283770317
-0.6597729211487694
-0.6177411229552686
-0.38749934623061477
-0.5348052168040495
-0.3882758394352851
-0.3941690431803709
-0.38749934623061477
-0.3976271283770317
-0.3941690431803709
-0.46052661065634865
-0.3757789354467842
-0.4193551468314348
-0.5764533679366769
-0.3941690431803709
-0.37898807433930853
-0.3994357817530382
-0.48925751531080436
-0.5594112949724385
-0.38749934623061477
-0.5375097726734219
-0.38845397386542985
-0.3653398607933155
-0.3976271283770317
-0.3909210134317005
-0.3640390052033461
-0.3994357817530382
-0.3752151102159964
-0.4193551468314348
-0.3976271283770317
-0.3941690431803709
-0.3941690431803709
-0.37898807433930853
-0.5364426359801635
-0.4252506950246458
-0.3941690431803709
-0.38752991336140313
-0.3976271283770317
-0.37898807433930853
-0.3941690431803709
-0.38749934623061477
-0.3909210134317005
-0.3653398607933155
-0.49490030004396013
-0.3997174336003111
-0.3941690431803709
-0.3752151102159964
-0.3976271283770317
-0.4471804270264455
-0.37898807433930853
-0.3941690431803709
-0.4816237817816831
-0.3752151102159964
-0.4471804270264455
-0.36154382837547056
-0.36154382837547056
-0.43310888959731225
-0.5193638783921
-0.3909210134317005
-0.3710255726216394
-0.38749934623061477
-0.3909210134317005
-0.4193551468314348
-0.6079105496371742
-0.38845397386542985
-0.5364426359801635
-0.3653398607933155
-0.48135935585453987
-0.4020090818422678
-0.45581917618419504
-0.3836362633160279
-0.37898807433930853
-0.3836362633160279
-0.3710255726216394
-0.443007368650006
-0.3757789354467842
-0.3941690431803709
-0.38749934623061477
-0.37898807433930853
-0.35658877063615574
-0.38749934623061477
-0.3941690431803709
-0.3752151102159964
-0.37898807433930853
-0.3653398607933155
-0.4471804270264455
-0.4471804270264455
-0.3976271283770317
-0.35658877063615574
-0.371605815831767
-0.3653398607933155
-0.36154382837547056
-0.5201729569999541
-0.3976271283770317
-0.3941690431803709
-0.37795428923893887
-0.6177411229552686
-0.3941690431803709
-0.3909210134317005
-0.35658877063615574
-0.37898807433930853
-0.44338671665069446
-0.37898807433930853
-0.49490030004396013
-0.6016735504341608
-0.37436600951536464
-0.36948238757136603
-0.38749934623061477
-0.38749934623061477
-0.3836362633160279
-0.3941690431803709
-0.5906580295700652
-0.5285174894378122
-0.6016735504341608
-0.37898807433930853
-0.37195141952545907
-0.3909210134317005
-0.4055260660159055
-0.42249588527179954
-0.39583072738645125
-0.43421539518490954
-0.6388735522039048
-0.3941690431803709
-0.5364426359801635
-0.5092087046100042
-0.38749934623061477
-0.38752962581616957
-0.3976271283770317
-0.3653398607933155
-0.3653398607933155
-0.5657656126186125
-0.3976271283770317
-0.4948037511419435
-0.3710255726216394
-0.47521252270215625
-0.3659094948956814
-0.37898807433930853
-0.3976271283770317
-0.37436600951536464
-0.3909210134317005
-0.36948238757136603
-0.3757789354467842
-0.37898807433930853
-0.5091786806734053
-0.3752151102159964
-0.3752151102159964
-0.3909210134317005
-0.4834703335002067
-0.3752151102159964
-0.3909210134317005
-0.3909210134317005
-0.49644020629931634
-0.36637604929109924
-0.3909210134317005
-0.3653398607933155
-0.38845397386542985
-0.38749934623061477
-0.4193551468314348
-0.3879048509838847
-0.47521252270215625
-0.46971332958606227
-0.4471804270264455
-0.3909210134317005
-0.38752962581616957
-0.37898807433930853
-0.37795428923893887
-0.37795428923893887
-0.38684236452258314
-0.414669806426221
-0.5733738007472703
-0.48925751531080436
-0.5489423791271866
-0.3836362633160279
-0.5855190258973221
-0.38749934623061477
-0.3909210134317005
-0.37195141952545907
-0.36948238757136603
-0.3941690431803709
-0.36948238757136603
-0.37898807433930853
-0.3909210134317005
-0.6334366075896317
-0.3836362633160279
-0.37898807433930853
-0.36948238757136603
-0.38749934623061477
-0.37795428923893887
-0.3653398607933155
-0.3757789354467842
-0.4199758733067193
-0.38752962581616957
-0.414669806426221
-0.4193551468314348
-0.3757789354467842
-0.37898807433930853
-0.5092087046100042
-0.35658877063615574
-0.3653398607933155
-0.3640390052033461
-0.410233583998142
-0.410233583998142
-0.443007368650006
-0.3941690431803709
-0.5413134997279035
-0.37436600951536464
-0.37898807433930853
-0.3941690431803709
-0.5369744472283896
-0.371605815831767
-0.6000528745841384
-0.3640390052033461
-0.3909210134317005
-0.3941690431803709
-0.4193551468314348
-0.38845397386542985
-0.4193551468314348
-0.3909210134317005
-0.36948238757136603
-0.5785053199800507
-0.3941690431803709
-0.4193551468314348
-0.3976271283770317
-0.3976271283770317
-0.36637604929109924
-0.3909210134317005
-0.6234265438226769
-0.35658877063615574
-0.3909210134317005
-0.38749934623061477
-0.3836362633160279
-0.3653398607933155
-0.3640390052033461
-0.3640390052033461
-0.36948238757136603
-0.3909210134317005
-0.38752991336140313
-0.36637604929109924
-0.37898807433930853
-0.35658877063615574
-0.3941690431803709
-0.3752151102159964
-0.36154382837547056
-0.37898807433930853
-0.3941690431803709
-0.3909210134317005
-0.3909210134317005
-0.3997174336003111
-0.37898807433930853
-0.5092087046100042
-0.37898807433930853
-0.4471804270264455
-0.42924525273019104
-0.36637604929109924
-0.4193551468314348
-0.36154382837547056
-0.3941690431803709
-0.37898807433930853
-0.3909210134317005
-0.35658877063615574
-0.35658877063615574
-0.38749934623061477
-0.3941690431803709
-0.3659094948956814
-0.5092087046100042
-0.37195141952545907
-0.3640390052033461
-0.3879048509838847
-0.36637604929109924
-0.35658877063615574
-0.41674543823167787
-0.5092087046100042
-0.43310888959731225
-0.36948238757136603
-0.5364426359801635
-0.5576923330085214
-0.5236823068588637
-0.36948238757136603
-0.38752962581616957
-0.38749934623061477
-0.3941690431803709
-0.38845397386542985
-0.3909210134317005
-0.5007397228350086
-0.4055260660159055
-0.3882758394352851
-0.3757789354467842
-0.3941690431803709
-0.3882758394352851
-0.48908678714650794
-0.3976271283770317
-0.37898807433930853
-0.3909210134317005
-0.37898807433930853
-0.3659094948956814
-0.6968093395723614
-0.36637604929109924
-0.37195141952545907
-0.3941690431803709
-0.36154382837547056
-0.3941690431803709
-0.4114075892750683
-0.37795428923893887
-0.41525566108417616
-0.5925111486336445
-0.3909210134317005
-0.37898807433930853
-0.4014481698570763
-0.3836362633160279
-0.371605815831767
-0.38752962581616957
-0.3909210134317005
-0.3659094948956814
-0.3909210134317005
-0.3882758394352851
-0.5148673322527261
-0.371605815831767
-0.37898807433930853
-0.38749934623061477
-0.3941690431803709
-0.3976271283770317
-0.3941690431803709
-0.3941690431803709
-0.4471804270264455
-0.47521252270215625
-0.414669806426221
-0.3941690431803709
-0.4471804270264455
-0.3941690431803709
-0.38749934623061477
-0.38752962581616957
-0.35658877063615574
-0.5093449241247083
-0.47521252270215625
-0.3909210134317005
-0.35658877063615574
-0.3752151102159964
-0.5349007591999306
-0.37898807433930853
-0.4055260660159055
-0.371605815831767
-0.3640390052033461
-0.7975103495652989
-0.37898807433930853
-0.6085285359748223
-0.38749934623061477
-0.38749934623061477
-0.4193551468314348
-0.4193551468314348
-0.3976271283770317
-0.49997511430147323
-0.3976271283770317
-0.6237078078449633
-0.3976271283770317
-0.4193551468314348
-0.3976271283770317
-0.37898807433930853
-0.5400863287825127
-0.3976271283770317
-0.38749934623061477
-0.47521252270215625
-0.4471804270264455
-0.38749934623061477
-0.38749934623061477
-0.3909210134317005
-0.5092087046100042
-0.3941690431803709
-0.3659094948956814
-0.3909210134317005
-0.3909210134317005
-0.37898807433930853
-0.3976271283770317
-0.38845397386542985
-0.6199490101295427
-0.6535529196173459
-0.44680163577922954
-0.49490030004396013
-0.37898807433930853
-0.3653398607933155
-0.38749934623061477
-0.35658877063615574
-0.39583072738645125
-0.3909210134317005
-0.36154382837547056
-0.3941690431803709
-0.3653398607933155
-0.37898807433930853
-0.45167561114091404
-0.38752991336140313
-0.3752151102159964
-0.41674543823167787
-0.5364426359801635
-0.3659094948956814
-0.36637604929109924
-0.48908678714650794
-0.5785053199800507
-0.37898807433930853
-0.3909210134317005
-0.3976271283770317
-0.38752991336140313
-0.35658877063615574
-0.3909210134317005
-0.5092087046100042
-0.38749934623061477
-0.3941690431803709
-0.410233583998142
-0.48908678714650794
-0.3941690431803709
-0.38749934623061477
-0.5364426359801635
-0.3976271283770317
-0.4193551468314348
-0.3976271283770317
-0.37898807433930853
-0.5594018682819504
-0.3909210134317005
-0.38749934623061477
-0.38749934623061477
-0.3976271283770317
-0.37898807433930853
-0.37898807433930853
-0.3659094948956814
-0.3909210134317005
-0.4471804270264455
-0.3653398607933155
-0.38752991336140313
-0.3976271283770317
-0.3836362633160279
-0.38684236452258314
-0.38752991336140313
-0.3640390052033461
-0.46971332958606227
-0.37898807433930853
-0.3941690431803709
-0.3909210134317005
-0.35658877063615574
-0.38752962581616957
-0.48565293668604437
-0.5026574252669418
-0.46971332958606227
-0.37898807433930853
-0.3976271283770317
-0.38684236452258314
-0.3976271283770317
-0.38749934623061477
-0.5364426359801635
-0.38749934623061477
-0.3909210134317005
-0.3640390052033461
-0.3976271283770317
-0.37898807433930853
-0.37898807433930853
-0.37898807433930853
-0.37898807433930853
-0.36637604929109924
-0.3909210134317005
-0.3941690431803709
-0.3941690431803709
-0.37795428923893887
-0.37795428923893887
-0.35658877063615574
-0.3941690431803709
-0.48908678714650794
-0.6573965120357124
-0.37898807433930853
-0.37436600951536464
-0.3882758394352851
-0.3882758394352851
-0.3976271283770317
-0.3909210134317005
-0.37795428923893887
-0.3909210134317005
-0.3909210134317005
-0.5440073605125708
-0.4471804270264455
-0.5366652035022588
-0.3640390052033461
-0.37898807433930853
-0.37795428923893887
-0.3752151102159964
-0.38749934623061477
-0.3909210134317005
-0.3640390052033461
-0.38749934623061477
-0.36948238757136603
-0.37898807433930853
-0.3909210134317005
-0.3909210134317005
-0.3941690431803709
-0.47521252270215625
-0.38749934623061477
-0.6016735504341608
-0.3976271283770317
-0.6016735504341608
-0.3909210134317005
-0.38749934623061477
-0.3941690431803709
-0.38752962581616957
-0.3909210134317005
-0.38749934623061477
-0.3976271283770317
-0.4471804270264455
-0.6621768111668312
-0.5413134997279035
-0.414669806426221
-0.3941690431803709
-0.47521252270215625
-0.38845397386542985
-0.38749934623061477
-0.3909210134317005
-0.37195141952545907
-0.5062919504381511
-0.371605815831767
-0.3941690431803709
-0.38749934623061477
-0.3997174336003111
-0.3752151102159964
-0.3909210134317005
-0.36948238757136603
-0.4193551468314348
-0.35658877063615574
-0.5123022098826121
-0.4471804270264455
-0.5785053199800507
-0.38749934623061477
-0.4471804270264455
-0.38845397386542985
-0.3882758394352851
-0.4834703335002067
-0.37795428923893887
-0.4462024712671628
-0.47600996048576855
-0.3941690431803709
-0.38749934623061477
-0.6438417549809518
-0.6362633632832372
-0.3941690431803709
-0.47521252270215625
-0.3659094948956814
-0.3909210134317005
-0.5199051950728711
-0.4121383963788023
-0.3909210134317005
-0.35658877063615574
-0.4594208699021825
-0.4471804270264455
-0.47521252270215625
-0.734398949300624
-0.3941690431803709
-0.38749934623061477
-0.47521252270215625
-0.5459861849244837
-0.37436600951536464
-0.3976271283770317
-0.3941690431803709
-0.38749934623061477
-0.4193551468314348
-0.3909210134317005
-0.414669806426221
-0.4674463086866008
-0.3941690431803709
-0.36948238757136603
-0.44402246869710965
-0.4193551468314348
-0.43310888959731225
-0.47521252270215625
-0.3710255726216394
-0.3659094948956814
-0.3659094948956814
-0.37195141952545907
-0.3640390052033461
-0.3640390052033461
-0.443007368650006
-0.3941690431803709
-0.5364426359801635
-0.37898807433930853
-0.4193551468314348
-0.38752962581616957
-0.38749934623061477
-0.3976271283770317
-0.7210744380362537
-0.40517106046672424
-0.38752991336140313
-0.5785053199800507
-0.3710255726216394
-0.4381866887223251
-0.46919771067114957
-0.36948238757136603
-0.3976271283770317
-0.4471804270264455
-0.44338671665069446
-0.38749934623061477
-0.3976271283770317
-0.37898807433930853
-0.35658877063615574
-0.5092087046100042
-0.4114075892750683
-0.38749934623061477
-0.3976271283770317
-0.3941690431803709
-0.3941690431803709
-0.37898807433930853
-0.3941690431803709
-0.3757789354467842
-0.4471804270264455
-0.38749934623061477
-0.5316275753124412
-0.371605815831767
-0.3976271283770317
-0.3976271283770317
-0.5092087046100042
-0.4471804270264455
-0.3752151102159964
-0.3653398607933155
-0.37898807433930853
-0.37898807433930853
-0.3941690431803709
-0.6760207479433213
-0.38749934623061477
-0.3653398607933155
-0.47874638875538356
-0.6405098027763473
-0.38749934623061477
-0.569612269220568
-0.37898807433930853
-0.3941690431803709
-0.3941690431803709
-0.37898807433930853
-0.371605815831767
-0.44856942313564463
-0.38749934623061477
-0.40961039283317363
-0.3909210134317005
-0.37898807433930853
-0.3941690431803709
-0.38749934623061477
-0.3941690431803709
-0.38752991336140313
-0.43310888959731225
-0.371605815831767
-0.37898807433930853
-0.3653398607933155
-0.3640390052033461
-0.38752962581616957
-0.5021469272618148
-0.3640390052033461
-0.3882758394352851
-0.3941690431803709
-0.5674305734633511
-0.5093449241247083
-0.4631058677616134
-0.5007397228350086
-0.37898807433930853
-0.3941690431803709
-0.3653398607933155
-0.36154382837547056
-0.46968086756280725
-0.37436600951536464
-0.5092087046100042
-0.36948238757136603
-0.4471804270264455
-0.5364426359801635
-0.371605815831767
-0.3941690431803709
-0.3882758394352851
-0.38752991336140313
-0.38749934623061477
-0.3976271283770317
-0.45581917618419504
-0.38698520046783924
-0.4291796858834209
-0.3941690431803709
-0.5364426359801635
-0.47521252270215625
-0.6177411229552686
-0.40961039283317363
-0.734398949300624
-0.4121383963788023
-0.44856942313564463
-0.36948238757136603
-0.3909210134317005
-0.3976271283770317
-0.38845397386542985
-0.37898807433930853
-0.37436600951536464
-0.37795428923893887
-0.4014481698570763
-0.38749934623061477
-0.6234798764697377
-0.47521252270215625
-0.46971332958606227
-0.3976271283770317
-0.38749934623061477
-0.38752962581616957
-0.6535529196173459
-0.3909210134317005
-0.44856942313564463
-0.4121383963788023
-0.38749934623061477
-0.36637604929109924
-0.36637604929109924
-0.4816237817816831
-0.4193551468314348
-0.7035469042792545
-0.3757789354467842
-0.3909210134317005
-0.3752151102159964
-0.3710255726216394
-0.38749934623061477
-0.41983402097461436
-0.37898807433930853
-0.5092087046100042
-0.4121383963788023
-0.38752991336140313
-0.3659094948956814
-0.4193551468314348
-0.37795428923893887
-0.3757789354467842
-0.38749934623061477
-0.38749934623061477
-0.371605815831767
-0.4471804270264455
-0.3909210134317005
-0.3653398607933155
-0.4471804270264455
-0.4471804270264455
-0.4193551468314348
-0.36154382837547056
-0.38749934623061477
-0.4471804270264455
-0.3941690431803709
-0.408863279634588
-0.44628114937379804
-0.3909210134317005
-0.371605815831767
-0.3710255726216394
-0.3909210134317005
-0.3909210134317005
-0.5092087046100042
-0.3909210134317005
-0.36637604929109924
-0.3752151102159964
-0.6488421340005013
-0.4471804270264455
-0.3659094948956814
-0.44402246869710965
-0.38752962581616957
-0.37898807433930853
-0.3659094948956814
-0.3941690431803709
-0.38749934623061477
-0.3882758394352851
-0.4471804270264455
-0.3976271283770317
-0.3653398607933155
-0.3976271283770317
-0.37795428923893887
-0.3976271283770317
-0.4471804270264455
-0.38684236452258314
-0.5093449241247083
-0.4291796858834209
-0.46971332958606227
-0.38752962581616957
-0.37898807433930853
-0.41983402097461436
-0.414669806426221
-0.3941690431803709
-0.3640390052033461
-0.37195141952545907
-0.38749934623061477
-0.35658877063615574
-0.36637604929109924
-0.3752151102159964
-0.3941690431803709
-0.515875681888272
-0.5785053199800507
-0.3976271283770317
-0.371605815831767
-0.5785053199800507
-0.539620345361059
-0.3757789354467842
-0.37898807433930853
-0.4615448669835189
-0.38752962581616957
-0.5472269895117219
-0.37898807433930853
-0.3976271283770317
-0.3976271283770317
-0.3640390052033461
-0.36948238757136603
-0.660814108953644
-0.410233583998142
-0.3994357817530382
-0.36948238757136603
-0.37195141952545907
-0.37898807433930853
-0.4193551468314348
-0.38749934623061477
-0.3941690431803709
-0.37898807433930853
-0.3976271283770317
-0.4121383963788023
-0.3976271283770317
-0.3941690431803709
-0.5785053199800507
-0.3710255726216394
-0.42924525273019104
-0.35658877063615574
-0.4471804270264455
-0.3909210134317005
-0.37898807433930853
-0.3909210134317005
-0.44402246869710965
-0.3976271283770317
-0.3640390052033461
-0.41983402097461436
-0.37436600951536464
-0.38749934623061477
-0.37898807433930853
-0.47521252270215625
-0.5411190420770016
-0.3941690431803709
-0.35658877063615574
-0.716767090933184
-0.414669806426221
-0.38845397386542985
-0.3941690431803709
-0.4471804270264455
-0.48565293668604437
-0.7227722859309988
-0.3659094948956814
-0.38684236452258314
-0.38749934623061477
-0.3976271283770317
-0.3909210134317005
-0.38752962581616957
-0.410233583998142
-0.4674463086866008
-0.44338671665069446
-0.38749934623061477
-0.36154382837547056
-0.3941690431803709
-0.3941690431803709
-0.38749934623061477
-0.3976271283770317
-0.4193551468314348
-0.36637604929109924
-0.37898807433930853
-0.3976271283770317
-0.3941690431803709
-0.35658877063615574
-0.37898807433930853
-0.3941690431803709
-0.37898807433930853
-0.37898807433930853
-0.6038793303700125
-0.3941690431803709
-0.37195141952545907
-0.3941690431803709
-0.3941690431803709
-0.43428899631647105
-0.43146416405518523
-0.38752991336140313
-0.3941690431803709
-0.36637604929109924
-0.3909210134317005
-0.6237078078449633
-0.3659094948956814
-0.4594208699021825
-0.5579497397135603
-0.4014481698570763
-0.3909210134317005
-0.3653398607933155
-0.4193551468314348
-0.4594208699021825
-0.3640390052033461
-0.38749934623061477
-0.5092087046100042
-0.5519994106802022
-0.569612269220568
-0.3882758394352851
-0.6177411229552686
-0.4193551468314348
-0.35658877063615574
-0.37795428923893887
-0.414669806426221
-0.37795428923893887
-0.3640390052033461
-0.414669806426221
-0.3941690431803709
-0.3882758394352851
-0.3976271283770317
-0.4014481698570763
-0.5524561295506882
-0.4471804270264455
-0.3757789354467842
-0.3757789354467842
-0.3941690431803709
-0.3976271283770317
-0.3941690431803709
-0.3653398607933155
-0.47521252270215625
-0.37898807433930853
-0.4193551468314348
-0.371605815831767
-0.6237078078449633
-0.3976271283770317
-0.49490030004396013
-0.38749934623061477
-0.6016735504341608
-0.38752962581616957
-0.7038184454240827
-0.4114075892750683
-0.41674543823167787
-0.3653398607933155
-0.38749934623061477
-0.3941690431803709
-0.38749934623061477
-0.38749934623061477
-0.44338671665069446
-0.37898807433930853
-0.42924525273019104
-0.42924525273019104
-0.37795428923893887
-0.3879048509838847
-0.3976271283770317
-0.4631058677616134
-0.3941690431803709
-0.37898807433930853
-0.42924525273019104
-0.5579497397135603
-0.7526378786780688
-0.3976271283770317
-0.3976271283770317
-0.3909210134317005
-0.3997174336003111
-0.37898807433930853
-0.37436600951536464
-0.3909210134317005
-0.410233583998142
-0.457490504957865
-0.3909210134317005
-0.4471804270264455
-0.3941690431803709
-0.3997174336003111
-0.4471804270264455
-0.7656767426870933
-0.5785053199800507
-0.3909210134317005
-0.3997174336003111
-0.4055260660159055
-0.37898807433930853
-0.37898807433930853
-0.5429210480374274
-0.5326436295376819
-0.45281265801550535
-0.7059890518925668
-0.7820934045195712
-0.7567263665146465
-0.6642401433616529
-0.5596177697676968
-0.788970405614089
-0.6377276021194037
-0.6783231334441121
-0.5599410756336813
-0.4615196103266486
-0.5683622009079872
-0.5908841329050045
-0.5594404704134155
-0.5911876486062442
-0.6008000305761972
-0.6342433591368909
-0.7556841793411078
-0.5553402520265825
-0.5232832722009266
-0.582470769200525
-0.5380989526926004
-0.5911876486062442
-0.6063917163415644
-0.6595831209330468
-0.5686992339140987
-0.482326324390683
-0.5218371169034521
-0.4745548728765094
-0.6999493333092043
-0.5847946836990803
-0.5177112024528472
-0.5810274256916295
-0.5043555341397137
-0.488552517749514
-0.4708598540590403
-0.6165599297486472
-0.6222499471909865
-0.4626977972020833
-0.46824850719276967
-0.4708598540590403
-0.5213641603074382
-0.7360232281774489
-0.5553249701017813
-0.482326324390683
-0.6640668027580604
-0.5182494097718062
-0.6356425864318069
-0.6581878822648379
-0.6096549320689031
-0.49109633623760646
-0.482326324390683
-0.5428817071993784
-0.7152690127342284
-0.49063856738062206
-0.5216775266640461
-0.46809536355047493
-0.5057335219862561
-0.46809536355047493
-0.471755642576337
-0.6008000305761972
-0.625271609708338
-0.4840221837185398
-0.5555518160631098
-0.5911876486062442
-0.4638209608108888
-0.545542457989468
-0.5812585899932375
-0.587443828009702
-0.4626977972020833
-0.6008000305761972
-0.5216775266640461
-0.5618686256001029
-0.4626977972020833
-0.5248705338017955
-0.5864223717284244
-0.553658360501426
-0.5733026609286458
-0.482326324390683
-0.5644653050996661
-0.6830956915966121
-0.5268174798463012
-0.6638218111146774
-0.5492088649823347
-0.6544409821489672
-0.5419483379241579
-0.5733027879372747
-0.6544409821489672
-0.6890388417544703
-0.7675549168411309
-0.4281694756285119
-0.4338988839993328
-0.4338988839993328
-0.4338988839993328
-0.5012417238465489
-0.4338988839993328
-0.4182577151641012
-0.4338988839993328
-0.4338988839993328
-0.4182577151641012
-0.4338988839993328
-0.5012417238465489
-0.4338988839993328
-0.5717981826791722
-0.4319849675249043
-0.4338988839993328
-0.4338988839993328
-0.5467706963672448
-0.4338988839993328
-0.4131876013202351
-0.4338988839993328
-0.4182577151641012
-0.4338988839993328
-0.4338988839993328
-0.4338988839993328
-0.4182577151641012
-0.4338988839993328
-0.4338988839993328
-0.4182577151641012
-0.4131876013202351
-0.4338988839993328
-0.4338988839993328
-0.5435379412849142
-0.5435379412849142
-0.4281694756285119
-0.4338988839993328
-0.4319849675249043
-0.4338988839993328
-0.6288827854319705
-0.4338988839993328
-0.4338988839993328
-0.4131876013202351
-0.4338988839993328
-0.5012417238465489
-0.4338988839993328
-0.4338988839993328
-0.6315636169886957
-0.5435379412849142
-0.5435379412849142
-0.4281694756285119
-0.4182577151641012
-0.4338988839993328
-0.4182577151641012
-0.4319849675249043
-0.37436600951536464
-0.37436600951536464
-0.4182577151641012
-0.4182577151641012
-0.4182577151641012
-0.4182577151641012
-0.4338988839993328
-0.4182577151641012
-0.4319849675249043
-0.4281694756285119
-0.4319849675249043
-0.5090088837856019
-0.40961039283317363
-0.4338988839993328
-0.36637604929109924
-0.7140318390250733
-0.602404427536737
-0.4319849675249043
-0.4319849675249043
-0.4319849675249043
-0.4319849675249043
-0.4319849675249043
-0.4131876013202351
-0.4319849675249043
-0.4182577151641012
-0.4338988839993328
-0.4131876013202351
-0.4182577151641012
-0.4319849675249043
-0.4338988839993328
-0.4281694756285119
-0.4319849675249043
-0.4182577151641012
-0.4131876013202351
-0.45281265801550535
-0.4182577151641012
-0.4131876013202351
-0.4182577151641012
-0.4131876013202351
-0.5090088837856019
-0.3640390052033461
-0.4281694756285119
-0.4131876013202351
-0.44372164321945046
-0.45281265801550535
-0.4131876013202351
-0.4319849675249043
-0.4182577151641012
-0.3659094948956814
-0.4281694756285119
-0.4281694756285119
-0.5435379412849142
-0.4131876013202351
-0.4281694756285119
-0.41674543823167787
-0.4319849675249043
-0.4131876013202351
-0.4319849675249043
-0.4131876013202351
-0.652835570090116
-0.5435379412849142
-0.49585501743650096
-0.6040228181416846
-0.4338988839993328
-0.4319849675249043
-0.5090088837856019
-0.6463690332230868
-0.4131876013202351
-0.5012417238465489
-0.4182577151641012
-0.4131876013202351
-0.4182577151641012
-0.4131876013202351
-0.710922391055574
-0.4182577151641012
-0.4684580158634784
-0.4131876013202351
-0.5012417238465489
-0.4131876013202351
-0.4351309112163483
-0.4131876013202351
-0.4131876013202351
-0.38752962581616957
-0.6401595634824327
-0.4640443085652152
-0.6616937472506894
-0.36948238757136603
-0.5090088837856019
-0.4319849675249043
-0.4319849675249043
-0.4011391734232003
-0.38684236452258314
-0.36637604929109924
-0.4291796858834209
-0.41796162075212334
-0.4131876013202351
-0.4319849675249043
-0.4131876013202351
-0.4871021305431748
-0.4055260660159055
-0.6177452742356115
-0.4182577151641012
-0.4131876013202351
-0.5026300604833827
-0.5995045824070913
-0.4131876013202351
-0.42924525273019104
-0.3659094948956814
-0.5283130811131196
-0.4281694756285119
-0.410233583998142
-0.4319849675249043
-0.4131876013202351
-0.4319849675249043
-0.4182577151641012
-0.41964857190852795
-0.46450125833674666
-0.4319849675249043
-0.3879048509838847
-0.4182577151641012
-0.4182577151641012
-0.4131876013202351
-0.4319849675249043
-0.4319849675249043
-0.4319849675249043
-0.4520379485827083
-0.4338988839993328
-0.4319849675249043
-0.5435379412849142
-0.4131876013202351
-0.4779526934416267
-0.44121749776395436
-0.4319849675249043
-0.4319849675249043
-0.4319849675249043
-0.4182577151641012
-0.4182577151641012
-0.4182577151641012
-0.4131876013202351
-0.4319849675249043
-0.4131876013202351
-0.41155404335710005
-0.4131876013202351
-0.4131876013202351
-0.4338988839993328
-0.4182577151641012
-0.4319849675249043
-0.4182577151641012
-0.41155404335710005
-0.4281694756285119
-0.4319849675249043
-0.4319849675249043
-0.4319849675249043
-0.4319849675249043
-0.4319849675249043
-0.4182577151641012
-0.4319849675249043
-0.44121749776395436
-0.6220213030693378
-0.4182577151641012
-0.4319849675249043
-0.4238103665018438
-0.4131876013202351
-0.4319849675249043
-0.4640443085652152
-0.4131876013202351
-0.36948238757136603
-0.4182577151641012
-0.4182577151641012
-0.4182577151641012
-0.5046475146897849
-0.6409418176965804
-0.5521497230420996
-0.499504557870235
-0.38684236452258314
-0.5613305822602486
-0.4182577151641012
-0.4338988839993328
-0.4182577151641012
-0.4182577151641012
-0.3836362633160279
-0.4182577151641012
-0.6313311100062134
-0.4182577151641012
-0.4319849675249043
-0.45281265801550535
-0.4319849675249043
-0.4182577151641012
-0.4338988839993328
-0.4131876013202351
-0.4182577151641012
-0.4182577151641012
-0.4182577151641012
-0.6438787524976853
-0.5012417238465489
-0.40247034171645696
-0.35658877063615574
-0.4182577151641012
-0.4319849675249043
-0.4319849675249043
-0.4182577151641012
-0.4319849675249043
-0.4182577151641012
-0.4131876013202351
-0.4319849675249043
-0.4319849675249043
-0.4319849675249043
-0.4319849675249043
-0.5685407828537775
-0.4131876013202351
-0.4319849675249043
-0.4182577151641012
-0.4281694756285119
-0.4319849675249043
-0.4182577151641012
-0.4182577151641012
-0.4281694756285119
-0.4319849675249043
-0.4182577151641012
-0.652075299676192
-0.4281694756285119
-0.4338988839993328
-0.3994357817530382
-0.4319849675249043
-0.4182577151641012
-0.6406556101059798
-0.4597798303973242
-0.4319849675249043
-0.38752962581616957
-0.4319849675249043
-0.4281694756285119
-0.4131876013202351
-0.3659094948956814
-0.3659094948956814
-0.38845397386542985
-0.5571416483196514
-0.3640390052033461
-0.3659094948956814
-0.3994357817530382
-0.5003914629668067
-0.4281694756285119
-0.4319849675249043
-0.371605815831767
-0.37795428923893887
-0.36948238757136603
-0.36948238757136603
-0.4484863937538291
-0.4291796858834209
-0.4291796858834209
-0.49585501743650096
-0.4597798303973242
-0.6523493639334977
-0.5012417238465489
-0.609504620940569
-0.6366772020517495
-0.6431461163706058
-0.4338988839993328
-0.4131876013202351
-0.4131876013202351
-0.6265183788611158
-0.4281694756285119
-0.5435379412849142
-0.6732401909883473
-0.4291796858834209
-0.5435379412849142
-0.4281694756285119
-0.5435379412849142
-0.4131876013202351
-0.4182577151641012
-0.4319849675249043
-0.45581917618419504
-0.36948238757136603
-0.4182577151641012
-0.4319849675249043
-0.4319849675249043
-0.4319849675249043
-0.4319849675249043
-0.4182577151641012
-0.41796162075212334
-0.5685407828537775
-0.6366772020517495
-0.4182577151641012
-0.6589054007632942
-0.4319849675249043
-0.5435379412849142
-0.4182577151641012
-0.4319849675249043
-0.5122262155500441
-0.6488279375082762
-0.6366772020517495
-0.4182577151641012
-0.4319849675249043
-0.4182577151641012
-0.4182577151641012
-0.4182577151641012
-0.4338988839993328
-0.5012417238465489
-0.5012417238465489
-0.5012417238465489
-0.5012417238465489
-0.5012417238465489
-0.5012417238465489
-0.5012417238465489
-0.5012417238465489
-0.4319849675249043
-0.4319849675249043
-0.4281694756285119
-0.5012417238465489
-0.5012417238465489
-0.5012417238465489
-0.5012417238465489
-0.4319849675249043
-0.4338988839993328
-0.4281694756285119
-0.4319849675249043
-0.4338988839993328
-0.4338988839993328
-0.4182577151641012
-0.41983402097461436
-0.5012417238465489
-0.410233583998142
-0.4319849675249043
-0.4319849675249043
-0.5435379412849142
-0.4338988839993328
-0.664878866003212
-0.4319849675249043
-0.4319849675249043
-0.35658877063615574
-0.4338988839993328
-0.4319849675249043
-0.4182577151641012
-0.4319849675249043
-0.36154382837547056
-0.6443086344453243
-0.5012417238465489
-0.4319849675249043
-0.4319849675249043
-0.4319849675249043
-0.5012417238465489
-0.4319849675249043
-0.4319849675249043
-0.4319849675249043
-0.4319849675249043
-0.4319849675249043
-0.36948238757136603
-0.4182577151641012
-0.5012417238465489
-0.4281694756285119
-0.4338988839993328
-0.4182577151641012
-0.5012417238465489
-0.35658877063615574
-0.41796162075212334
-0.572738596664856
-0.4338988839993328
-0.4338988839993328
-0.4338988839993328
-0.4338988839993328
-0.4338988839993328
-0.4338988839993328
-0.4131876013202351
-0.4319849675249043
-0.4338988839993328
-0.4319849675249043
-0.4338988839993328
-0.4338988839993328
-0.4319849675249043
-0.4319849675249043
-0.4182577151641012
-0.4319849675249043
-0.5557155711868307
-0.5718840218657133
-0.6469512254055807
-0.597639635381243
-0.6031816566544302
-0.5558643784223555
-0.6139990130747229
-0.5382331471639011
-0.5986509566269573
-0.6399830400007279
-0.6020996002062401
-0.4759909126237911
-0.6329958379001616
