-0.6141834149118448
-0.6271712737560672
-0.3851377010299504
-0.49398755050776866
-0.42987375881808376
-0.3944376277337474
-0.4204892856733382
-0.37443042864936515
-0.6052964004789532
-0.6162167546763737
-0.3780971872822816
-0.37443042864936515
-0.4637729108983391
-0.42987375881808376
-0.5778295033899887
-0.37819118043892536
-0.3779414406821873
-0.3944376277337474
-0.3844571714360218
-0.6511316723498543
-0.6052964004789532
-0.5953152161464641
-0.364858160551014
-0.3944376277337474
-0.4786559442692637
-0.569763584923002
-0.3944376277337474
-0.3913486606584376
-0.3583287138590818
-0.4733917678596182
-0.543999812030945
-0.4648806996851295
-0.634098441965294
-0.42987375881808376
-0.46362320256177897
-0.5381547788565277
-0.36447220910863865
-0.41188265725056944
-0.623241516406715
-0.37819118043892536
-0.5464660466081921
-0.3780971872822816
-0.5904672114068196
-0.37443042864936515
-0.3583287138590818
-0.4022858612023245
-0.3944376277337474
-0.5259948039471742
-0.3944376277337474
-0.3944376277337474
-0.6442934607174474
-0.3729026870313705
-0.3661882957156456
-0.3583287138590818
-0.5319605062431827
-0.3944376277337474
-0.3944376277337474
-0.3583287138590818
-0.3583287138590818
-0.3851377010299504
-0.4786201414052482
-0.3661882957156456
-0.3968455492637828
-0.6408282501535129
-0.6161824575496252
-0.6439948927042897
-0.4288711652975485
-0.6161824575496252
-0.4571407889063387
-0.5905469438102572
-0.5668916013329406
-0.44929294478158605
-0.4233638877072458
-0.42987375881808376
-0.5816193252459759
-0.42987375881808376
-0.49486430583869284
-0.6161824575496252
-0.6161824575496252
-0.4468263404195095
-0.4063415586393145
-0.5451501563009867
-0.5885724606677732
-0.3851377010299504
-0.3661882957156456
-0.3583287138590818
-0.5344697735974211
-0.3703616675015043
-0.3583287138590818
-0.3851377010299504
-0.3844571714360218
-0.47845229086083224
-0.37443042864936515
-0.4381006898855271
-0.44959699609976306
-0.4669978298968953
-0.3851377010299504
-0.3729026870313705
-0.3661882957156456
-0.4281598853104667
-0.3698791468878061
-0.37443042864936515
-0.40669942818220045
-0.5436934870477644
-0.37626194695991383
-0.4949737344372261
-0.37443042864936515
-0.4152087275485811
-0.37443042864936515
-0.37443042864936515
-0.3698791468878061
-0.37560644652819697
-0.3844571714360218
-0.42195185909439015
-0.5451501563009867
-0.37560644652819697
-0.3729026870313705
-0.4456637225100668
-0.3944376277337474
-0.5563938800381889
-0.4134108659164099
-0.3944376277337474
-0.364858160551014
-0.46362320256177897
-0.37443042864936515
-0.3944376277337474
-0.4963709293423028
-0.3844571714360218
-0.46362320256177897
-0.4415003069529744
-0.3944376277337474
-0.40071155073140324
-0.37443042864936515
-0.5668916013329406
-0.42195185909439015
-0.3851377010299504
-0.4295771855593243
-0.3844571714360218
-0.61393264048225
-0.43779834200965084
-0.41188265725056944
-0.3968455492637828
-0.3851377010299504
-0.6185298142365531
-0.623241516406715
-0.4446101245986288
-0.45587436525709135
-0.3851377010299504
-0.6235783900834931
-0.6161824575496252
-0.3703616675015043
-0.4145533209617898
-0.4022858612023245
-0.4022858612023245
-0.5475480687224341
-0.3703616675015043
-0.4185857433692879
-0.46362320256177897
-0.6300871798730923
-0.6341058690786492
-0.4669978298968953
-0.3661882957156456
-0.7001158433670439
-0.4427681709100242
-0.3944376277337474
-0.5778295033899887
-0.6391740439668926
-0.5425134585086738
-0.4308850036726765
-0.5150629783850561
-0.3729026870313705
-0.4308850036726765
-0.4193849084674128
-0.5328723947198177
-0.3703616675015043
-0.4415003069529744
-0.40669942818220045
-0.3944376277337474
-0.3944376277337474
-0.3944376277337474
-0.4571407889063387
-0.61393264048225
-0.7022498934492328
-0.5953152161464641
-0.3920727514826446
-0.5801896490548204
-0.418317734693975
-0.4446101245986288
-0.40669942818220045
-0.37443042864936515
-0.37443042864936515
-0.3944376277337474
-0.3972508575214036
-0.3944376277337474
-0.3729026870313705
-0.7939649729032484
-0.43460157588015547
-0.5904672114068196
-0.3944376277337474
-0.37443042864936515
-0.37626194695991383
-0.37443042864936515
-0.37443042864936515
-0.3583287138590818
-0.5513761994650754
-0.3583287138590818
-0.40669942818220045
-0.3927420350101399
-0.3583287138590818
-0.6300871798730923
-0.4786201414052482
-0.37857631092257926
-0.5451501563009867
-0.3913486606584376
-0.3944376277337474
-0.5052878869851641
-0.46362320256177897
-0.4189631362305528
-0.6533852807411492
-0.364858160551014
-0.6777157556016118
-0.5902193338528927
-0.6965632196451574
-0.5777831352532347
-0.5905356771164985
-0.6381448958294768
-0.6052964004789532
-0.6081869715686621
-0.5668795557400553
-0.4937923449605305
-0.6136623156134522
-0.6161824575496252
-0.6000074974043765
-0.6381448958294768
-0.5497437690953851
-0.5968990388188702
-0.4823772081507138
-0.5286721207370271
-0.5953152161464641
-0.5777831352532347
-0.5451501563009867
-0.5978125678158397
-0.44269926929942
-0.5870497899178259
-0.7660431004349555
-0.5774473424959141
-0.6404330113806234
-0.46116008937872777
-0.6205172792392848
-0.46045802813760944
-0.4555766541760607
-0.44269926929942
-0.5701916158543248
-0.55644654189997
-0.5885724606677732
-0.6000074974043765
-0.5563938800381889
-0.5870497899178259
-0.5794852934234364
-0.6439948927042897
-0.6391740439668926
-0.6161824575496252
-0.7229509250384426
-0.5087619469354568
-0.6315072529409071
-0.6000074974043765
-0.5870497899178259
-0.5885724606677732
-0.6391740439668926
-0.6021067670369166
-0.47851633656710074
-0.5870497899178259
-0.6000074974043765
-0.77931079966349
-0.5563938800381889
-0.7655249814523175
-0.6428829410464492
-0.7011634422166173
-0.4555766541760607
-0.5870497899178259
-0.6417492515259611
-0.6154345319477882
-0.46045802813760944
-0.4648806996851295
-0.6315072529409071
-0.6439948927042897
-0.6653127343765088
-0.6081869715686621
-0.6602067453128795
-0.45353973906037953
-0.42987375881808376
-0.6578867347877534
-0.5959935951713395
-0.5899424992099895
-0.6554058495169625
-0.5774473424959141
-0.6823084283634387
-0.63786513892371
-0.5344697735974211
-0.6549342462906478
-0.6827017005553294
-0.5157782345696541
-0.5774473424959141
-0.42987375881808376
-0.5999947564887317
-0.6575223512250173
-0.5912166374878021
-0.4171990395205592
-0.42987375881808376
-0.4799556259580267
-0.4171990395205592
-0.5822853299586763
-0.42987375881808376
-0.4204892856733382
-0.4171990395205592
-0.4855153710243965
-0.6205172792392848
-0.43813799927008873
-0.557227539308302
-0.4171990395205592
-0.6016849591225472
-0.47845229086083224
-0.42136901379642283
-0.4453764784279197
-0.4171990395205592
-0.4145533209617898
-0.42987375881808376
-0.7249971734456204
-0.3844571714360218
-0.5381547788565277
-0.5897799846367673
-0.44959699609976306
-0.419780075334688
-0.3968455492637828
-0.3583287138590818
-0.5778295033899887
-0.3723012371481123
-0.5344697735974211
-0.5087619469354568
-0.3851377010299504
-0.5687315588719128
-0.5953152161464641
-0.6136623156134522
-0.49297591644520067
-0.5904672114068196
-0.6161824575496252
-0.43460157588015547
-0.419780075334688
-0.5777831352532347
-0.3972508575214036
-0.40071155073140324
-0.5668916013329406
-0.5668916013329406
-0.6161824575496252
-0.37443042864936515
-0.38544207237236733
-0.3972508575214036
-0.6253853867081511
-0.5774473424959141
-0.6018599935737811
-0.4784858037716467
-0.5905356771164985
-0.43779834200965084
-0.4381006898855271
-0.3944376277337474
-0.47845229086083224
-0.6161824575496252
-0.37443042864936515
-0.38603498072123665
-0.37626194695991383
-0.6315072529409071
-0.5774473424959141
-0.46780510857278124
-0.6817489120697314
-0.6872264685226267
-0.5607307099127866
-0.3944376277337474
-0.4719450437731338
-0.5885724606677732
-0.37443042864936515
-0.6018599935737811
-0.4415003069529744
-0.3851377010299504
-0.37443042864936515
-0.3703616675015043
-0.5905469438102572
-0.4937923449605305
-0.5563938800381889
-0.3851377010299504
-0.37443042864936515
-0.3703616675015043
-0.3944376277337474
-0.38603498072123665
-0.3851377010299504
-0.42116919375136447
-0.3968455492637828
-0.6081869715686621
-0.37443042864936515
-0.5965340889881966
-0.36447220910863865
-0.7222381293126707
-0.6339215652180866
-0.4719450437731338
-0.3844571714360218
-0.3944376277337474
-0.49251301401981334
-0.3729026870313705
-0.42386957820175875
-0.3779414406821873
-0.3968455492637828
-0.36447220910863865
-0.3851377010299504
-0.3729026870313705
-0.3729026870313705
-0.61393264048225
-0.37443042864936515
-0.3851377010299504
-0.3944376277337474
-0.36447220910863865
-0.3944376277337474
-0.3851377010299504
-0.5011643026008394
-0.3944376277337474
-0.5451501563009867
-0.38603498072123665
-0.6081869715686621
-0.6185298142365531
-0.6300871798730923
-0.6315190407876085
-0.6141834149118448
-0.6391740439668926
-0.6820061133902455
-0.5711064273453224
-0.7134594455278954
-0.4453764784279197
-0.6732260139560335
-0.5774473424959141
-0.5816193252459759
-0.3851377010299504
-0.5801896490548204
-0.5139286825661173
-0.36447220910863865
-0.3583287138590818
-0.3780971872822816
-0.37443042864936515
-0.3913486606584376
-0.37443042864936515
-0.6537102584921779
-0.3844571714360218
-0.5420262732184743
-0.3976673129040684
-0.3944376277337474
-0.47421117739348856
-0.3972508575214036
-0.37443042864936515
-0.3944376277337474
-0.6161824575496252
-0.6300871798730923
-0.5947407829898825
-0.6018599935737811
-0.6028338992742638
-0.6300871798730923
-0.5777831352532347
-0.4786559442692637
-0.4992874908688555
-0.419780075334688
-0.49295194032954465
-0.4937923449605305
-0.5778295033899887
-0.5607790618734136
-0.3779414406821873
-0.3944376277337474
-0.364858160551014
-0.37443042864936515
-0.3944376277337474
-0.4784858037716467
-0.3703616675015043
-0.3851377010299504
-0.3851377010299504
-0.40757088214061404
-0.6028338992742638
-0.5711064273453224
-0.6119828846672525
-0.6018599935737811
-0.49486430583869284
-0.5464660466081921
-0.6526423726625182
-0.6428829410464492
-0.5999947564887317
-0.419780075334688
-0.3976673129040684
-0.5801896490548204
-0.37443042864936515
-0.3944376277337474
-0.3703616675015043
-0.4992908365975771
-0.6589005052708204
-0.49486430583869284
-0.5451501563009867
-0.49251301401981334
-0.3844571714360218
-0.3723012371481123
-0.3913486606584376
-0.45587436525709135
-0.3972508575214036
-0.553629440527136
-0.364858160551014
-0.37626194695991383
-0.3944376277337474
-0.3661882957156456
-0.37443042864936515
-0.4719450437731338
-0.43460157588015547
-0.3851377010299504
-0.5286103199000005
-0.3583287138590818
-0.3844571714360218
-0.6685077543759651
-0.4415003069529744
-0.3844571714360218
-0.4152087275485811
-0.3661882957156456
-0.45587436525709135
-0.37443042864936515
-0.42116919375136447
-0.37819118043892536
-0.3851377010299504
-0.4719450437731338
-0.37443042864936515
-0.3844571714360218
-0.37443042864936515
-0.37626194695991383
-0.3851377010299504
-0.3703616675015043
-0.3944376277337474
-0.4719450437731338
-0.37560644652819697
-0.3944376277337474
-0.364858160551014
-0.3723012371481123
-0.3920727514826446
-0.6885943184549229
-0.4453764784279197
-0.4233638877072458
-0.5905469438102572
-0.5904672114068196
-0.6439948927042897
-0.5024720641912498
-0.3844571714360218
-0.5778295033899887
-0.37443042864936515
-0.37443042864936515
-0.4884559739540031
-0.5902445212803705
-0.3944376277337474
-0.3944376277337474
-0.3583287138590818
-0.3972508575214036
-0.3944376277337474
-0.3944376277337474
-0.45587436525709135
-0.3851377010299504
-0.3723012371481123
-0.43460157588015547
-0.3844571714360218
-0.36447220910863865
-0.3944376277337474
-0.37443042864936515
-0.3844571714360218
-0.46045802813760944
-0.37443042864936515
-0.37443042864936515
-0.5062531769020472
-0.4524078200160756
-0.3944376277337474
-0.3844571714360218
-0.3851377010299504
-0.37443042864936515
-0.3703616675015043
-0.37443042864936515
-0.4193849084674128
-0.3944376277337474
-0.5904672114068196
-0.5816193252459759
-0.37443042864936515
-0.364858160551014
-0.3851377010299504
-0.5588130425438971
-0.42386957820175875
-0.37443042864936515
-0.49897889991372046
-0.3661882957156456
-0.7124171935976951
-0.4786201414052482
-0.38544207237236733
-0.4152087275485811
-0.3976673129040684
-0.3844571714360218
-0.3944376277337474
-0.3703616675015043
-0.42116919375136447
-0.4465190206744535
-0.3729026870313705
-0.3944376277337474
-0.419780075334688
-0.3844571714360218
-0.3703616675015043
-0.40071155073140324
-0.3583287138590818
-0.3944376277337474
-0.3698791468878061
-0.40669942818220045
-0.3851377010299504
-0.4098363194627242
-0.3723012371481123
-0.3844571714360218
-0.37443042864936515
-0.4152087275485811
-0.4152087275485811
-0.37443042864936515
-0.3944376277337474
-0.45587436525709135
-0.4098363194627242
-0.3972508575214036
-0.3844571714360218
-0.45587436525709135
-0.3944376277337474
-0.5062531769020472
-0.3968455492637828
-0.36447220910863865
-0.4492593933290369
-0.3779414406821873
-0.6391740439668926
-0.623241516406715
-0.630103401359576
-0.623241516406715
-0.634098441965294
-0.5958196678232152
-0.3927420350101399
-0.37819118043892536
-0.3844571714360218
-0.5599912261520088
-0.4145533209617898
-0.37560644652819697
-0.4152087275485811
-0.37443042864936515
-0.37443042864936515
-0.3972508575214036
-0.4415003069529744
-0.3944376277337474
-0.37443042864936515
-0.4904219333683177
-0.38544207237236733
-0.3729026870313705
-0.4063415586393145
-0.3583287138590818
-0.4381006898855271
-0.4145533209617898
-0.4152087275485811
-0.37626194695991383
-0.5563938800381889
-0.3729026870313705
-0.6158316449281696
-0.42195185909439015
-0.36447220910863865
-0.3844571714360218
-0.36447220910863865
-0.3703616675015043
-0.37443042864936515
-0.3942268272541581
-0.4998753066235601
-0.3844571714360218
-0.42116919375136447
-0.37443042864936515
-0.4719450437731338
-0.37626194695991383
-0.5834346851375282
-0.3844571714360218
-0.3729026870313705
-0.3729026870313705
-0.3729026870313705
-0.3972508575214036
-0.364858160551014
-0.6674063830860596
-0.3583287138590818
-0.3972508575214036
-0.3723012371481123
-0.38603498072123665
-0.3729026870313705
-0.61393264048225
-0.5777831352532347
-0.6205172792392848
-0.4784858037716467
-0.6528134986699948
-0.5305338861232983
-0.364858160551014
-0.4193849084674128
-0.37626194695991383
-0.3661882957156456
-0.45587436525709135
-0.3944376277337474
-0.6611581466082516
-0.4168170595951022
-0.5373627833102501
-0.4823772081507138
-0.6161824575496252
-0.6018599935737811
-0.5801896490548204
-0.37443042864936515
-0.5607307099127866
-0.6185298142365531
-0.5260305916665627
-0.5801896490548204
-0.5885724606677732
-0.7541882762545916
-0.6070686436188516
-0.5777831352532347
-0.6391740439668926
-0.559070678374304
-0.559070678374304
-0.4963290022478365
-0.4979191717630035
-0.5983648458345414
-0.4308850036726765
-0.755431433992954
-0.7028303832194934
-0.6947927639235019
-0.3913486606584376
-0.5563938800381889
-0.45343957179969785
-0.4446101245986288
-0.40071155073140324
-0.3942268272541581
-0.4465190206744535
-0.5801896490548204
-0.4415003069529744
-0.4929065559770753
-0.5136846066391365
-0.37819118043892536
-0.3851377010299504
-0.3703616675015043
-0.364858160551014
-0.3944376277337474
-0.3844571714360218
-0.41188265725056944
-0.37857631092257926
-0.4152087275485811
-0.3944376277337474
-0.49762670896766487
-0.3703616675015043
-0.4719450437731338
-0.3944376277337474
-0.49563881606911964
-0.37857631092257926
-0.4185857433692879
-0.3779414406821873
-0.5202114957998424
-0.3972508575214036
-0.3583287138590818
-0.3729026870313705
-0.3927420350101399
-0.40669942818220045
-0.37443042864936515
-0.3723012371481123
-0.3780971872822816
-0.3698791468878061
-0.38544207237236733
-0.3851377010299504
-0.3920727514826446
-0.37443042864936515
-0.5711064273453224
-0.49486430583869284
-0.6356550826390417
-0.5060326783971179
-0.5668916013329406
-0.4808071294798377
-0.4963709293423028
-0.5109112234519372
-0.7372068546244246
-0.5902193338528927
-0.49762670896766487
-0.5778295033899887
-0.49486430583869284
-0.40928992029439726
-0.3851377010299504
-0.37443042864936515
-0.3913486606584376
-0.3583287138590818
-0.5862339840489132
-0.3851377010299504
-0.37443042864936515
-0.3920727514826446
-0.3779414406821873
-0.3723012371481123
-0.37626194695991383
-0.6070686436188516
-0.40928992029439726
-0.40669942818220045
-0.7692671218211206
-0.5999947564887317
-0.6428829410464492
-0.5904672114068196
-0.49486430583869284
-0.6593529956544532
-0.419780075334688
-0.36447220910863865
-0.3729026870313705
-0.37443042864936515
-0.3844571714360218
-0.37443042864936515
-0.3944376277337474
-0.41093311655150316
-0.3780971872822816
-0.364858160551014
-0.37560644652819697
-0.38544207237236733
-0.38544207237236733
-0.5904672114068196
-0.3583287138590818
-0.3944376277337474
-0.5141257853747155
-0.5036808948103766
-0.3844571714360218
-0.3779414406821873
-0.6537126798793905
-0.4185857433692879
-0.36447220910863865
-0.43460157588015547
-0.3844571714360218
-0.3703616675015043
-0.3851377010299504
-0.3944376277337474
-0.3927420350101399
-0.3944376277337474
-0.37443042864936515
-0.5700108349421934
-0.6049659950406244
-0.5778295033899887
-0.6439948927042897
-0.4825498041826499
-0.4825498041826499
-0.550331361168607
-0.5049241534189
-0.4784858037716467
-0.40669942818220045
-0.61393264048225
-0.5778295033899887
-0.37443042864936515
-0.5229936691262813
-0.3944376277337474
-0.3851377010299504
-0.3698791468878061
-0.37443042864936515
-0.37626194695991383
-0.3698791468878061
-0.5563938800381889
-0.4642485172324272
-0.36447220910863865
-0.6028656128813794
-0.6070686436188516
-0.43813799927008873
-0.5319832776690604
-0.49643463255026954
-0.42116919375136447
-0.3920727514826446
-0.4233638877072458
-0.37443042864936515
-0.3703616675015043
-0.49734332557118693
-0.3944376277337474
-0.3944376277337474
-0.6161824575496252
-0.3944376277337474
-0.49250727830642954
-0.38544207237236733
-0.38544207237236733
-0.46362320256177897
-0.3583287138590818
-0.37443042864936515
-0.3944376277337474
-0.4415003069529744
-0.3972508575214036
-0.37443042864936515
-0.3661882957156456
-0.37443042864936515
-0.3968455492637828
-0.3844571714360218
-0.3844571714360218
-0.5524066797883592
-0.37443042864936515
-0.4098363194627242
-0.5976881545952428
-0.5150073152332265
-0.5811644449921242
-0.4719450437731338
-0.3944376277337474
-0.3851377010299504
-0.3851377010299504
-0.3942268272541581
-0.364858160551014
-0.3944376277337474
-0.4510916000152496
-0.364858160551014
-0.3583287138590818
-0.3944376277337474
-0.3703616675015043
-0.3851377010299504
-0.3944376277337474
-0.419780075334688
-0.3583287138590818
-0.4152087275485811
-0.37443042864936515
-0.3944376277337474
-0.3583287138590818
-0.37819118043892536
-0.3944376277337474
-0.401104716908339
-0.3913486606584376
-0.3944376277337474
-0.3844571714360218
-0.5588130425438971
-0.6133677522603379
-0.5588130425438971
-0.5790687694104537
-0.634098441965294
-0.5405812569908505
-0.40669942818220045
-0.5471600146231886
-0.5711064273453224
-0.40669942818220045
-0.6241484254790303
-0.5425134585086738
-0.5484851135531659
-0.5958196678232152
-0.42386957820175875
-0.3944376277337474
-0.3913486606584376
-0.3851377010299504
-0.3851377010299504
-0.4907205456853867
-0.49419494016527976
-0.37443042864936515
-0.3944376277337474
-0.41188265725056944
-0.3944376277337474
-0.48939546701861375
-0.3913486606584376
-0.3779414406821873
-0.3844571714360218
-0.49486430583869284
-0.5563938800381889
-0.3844571714360218
-0.3780971872822816
-0.4152087275485811
-0.4193849084674128
-0.4281598853104667
-0.3844571714360218
-0.3851377010299504
-0.4894502084066175
-0.42195185909439015
-0.3779414406821873
-0.3844571714360218
-0.3851377010299504
-0.3698791468878061
-0.3944376277337474
-0.4510916000152496
-0.3851377010299504
-0.4719450437731338
-0.5904672114068196
-0.37857631092257926
-0.6729763460015818
-0.3944376277337474
-0.37443042864936515
-0.4152087275485811
-0.4415003069529744
-0.37857631092257926
-0.37443042864936515
-0.7727656962014056
-0.5801896490548204
-0.5777831352532347
-0.5229936691262813
-0.6136623156134522
-0.6593529956544532
-0.5420262732184743
-0.43460157588015547
-0.7199820583664038
-0.41188265725056944
-0.5420262732184743
-0.4808071294798377
-0.4784858037716467
-0.5662382654076169
-0.3944376277337474
-0.3851377010299504
-0.5607307099127866
-0.598681849560568
-0.61393264048225
-0.3698791468878061
-0.44959699609976306
-0.6181268000352934
-0.3703616675015043
-0.7180981513425015
-0.6584273921571622
-0.37443042864936515
-0.37443042864936515
-0.4415003069529744
-0.3944376277337474
-0.37443042864936515
-0.45343957179969785
-0.364858160551014
-0.3944376277337474
-0.5588130425438971
-0.6333621650849327
-0.4415003069529744
-0.364858160551014
-0.4415003069529744
-0.37443042864936515
-0.4965269032516213
-0.6439948927042897
-0.5904672114068196
-0.7050990895522546
-0.5777831352532347
-0.5920994985159103
-0.41188265725056944
-0.611202103791127
-0.4963290022478365
-0.4145533209617898
-0.5885724606677732
-0.3779414406821873
-0.4415003069529744
-0.3844571714360218
-0.36447220910863865
-0.38544207237236733
-0.5999947564887317
-0.5079029645312793
-0.3661882957156456
-0.45587436525709135
-0.37626194695991383
-0.37443042864936515
-0.5607790618734136
-0.607143153519441
-0.5214553335953861
-0.3703616675015043
-0.3972508575214036
-0.3913486606584376
-0.37443042864936515
-0.3844571714360218
-0.3583287138590818
-0.5337513486849877
-0.5999947564887317
-0.46217208717132385
-0.418317734693975
-0.4233638877072458
-0.38544207237236733
-0.3913486606584376
-0.4295771855593243
-0.37626194695991383
-0.3944376277337474
-0.40771491722790065
-0.6070686436188516
-0.6070686436188516
-0.623241516406715
-0.6028338992742638
-0.73931228858369
-0.4381006898855271
-0.5771872288235476
-0.7220818171294533
-0.3723012371481123
-0.37443042864936515
-0.3944376277337474
-0.4904219333683177
-0.6070686436188516
-0.3851377010299504
-0.37443042864936515
-0.40669942818220045
-0.41093311655150316
-0.3944376277337474
-0.3913486606584376
-0.37443042864936515
-0.3844571714360218
-0.3661882957156456
-0.3844571714360218
-0.3913486606584376
-0.4415003069529744
-0.6532156307095767
-0.6287499197538857
-0.5885724606677732
-0.3944376277337474
-0.3851377010299504
-0.3851377010299504
-0.5842963073327155
-0.7408990997262406
-0.5959935951713395
-0.4361777260551172
-0.5985513273877556
-0.3944376277337474
-0.3723012371481123
-0.6018599935737811
-0.45343957179969785
-0.419780075334688
-0.691215917843762
-0.3851377010299504
-0.4185857433692879
-0.42136901379642283
-0.3851377010299504
-0.6170999975300342
-0.3851377010299504
-0.37443042864936515
-0.3851377010299504
-0.3844571714360218
-0.3583287138590818
-0.4667259976982124
-0.5668916013329406
-0.46116008937872777
-0.43460157588015547
-0.7001158433670439
-0.49250727830642954
-0.3944376277337474
-0.419780075334688
-0.3972508575214036
-0.5333359569830666
-0.40771491722790065
-0.40669942818220045
-0.3972508575214036
-0.3851377010299504
-0.4474707903661261
-0.3927420350101399
-0.37560644652819697
-0.3913486606584376
-0.37443042864936515
-0.5549581872085425
-0.506101743157742
-0.506101743157742
-0.3944376277337474
-0.6078728593933762
-0.3851377010299504
-0.3661882957156456
-0.3913486606584376
-0.45587436525709135
-0.40669942818220045
-0.40669942818220045
-0.419780075334688
-0.41188265725056944
-0.6609615586709251
-0.528713948195876
-0.42963613892180025
-0.37443042864936515
-0.7044033270318203
-0.3944376277337474
-0.3944376277337474
-0.4786201414052482
-0.4786201414052482
-0.3944376277337474
-0.5344697735974211
-0.6052964004789532
-0.6606926824561219
-0.623241516406715
-0.5777831352532347
-0.6161824575496252
-0.6439948927042897
-0.40669942818220045
-0.4676856720115618
-0.4168170595951022
-0.4784858037716467
-0.4786559442692637
-0.3944376277337474
-0.40071155073140324
-0.4446101245986288
-0.3942268272541581
-0.559271359380291
-0.3661882957156456
-0.3779414406821873
-0.3942268272541581
-0.3698791468878061
-0.5862339840489132
-0.3944376277337474
-0.3920727514826446
-0.3851377010299504
-0.49251301401981334
-0.3968455492637828
-0.6070686436188516
-0.3698791468878061
-0.3972508575214036
-0.3729026870313705
-0.3844571714360218
-0.3944376277337474
-0.3944376277337474
-0.46362320256177897
-0.6413071916806691
-0.37819118043892536
-0.37443042864936515
-0.419780075334688
-0.3703616675015043
-0.36447220910863865
-0.3703616675015043
-0.5774473424959141
-0.6428829410464492
-0.6315072529409071
-0.6161824575496252
-0.5588130425438971
-0.5999947564887317
-0.5248710495650619
-0.5607790618734136
-0.5021614384605311
-0.5314562392241473
-0.7360366334555231
-0.419780075334688
-0.7080467466943234
-0.4963290022478365
-0.3698791468878061
-0.3851377010299504
-0.4152087275485811
-0.3944376277337474
-0.37626194695991383
-0.37443042864936515
-0.5286721207370271
-0.3703616675015043
-0.4701435585076101
-0.4784858037716467
-0.3942268272541581
-0.5136846066391365
-0.3944376277337474
-0.3844571714360218
-0.4134108659164099
-0.38603498072123665
-0.3844571714360218
-0.3779414406821873
-0.37443042864936515
-0.7598686516233614
-0.37443042864936515
-0.6070686436188516
-0.3844571714360218
-0.3913486606584376
-0.37819118043892536
-0.3729026870313705
-0.3944376277337474
-0.5885724606677732
-0.6261373790047946
-0.49734332557118693
-0.37819118043892536
-0.40669942818220045
-0.3944376277337474
-0.3851377010299504
-0.38603498072123665
-0.4415003069529744
-0.3779414406821873
-0.49486430583869284
-0.5904672114068196
-0.5904672114068196
-0.5736401880571924
-0.683232334415229
-0.623241516406715
-0.5999947564887317
-0.37443042864936515
-0.3844571714360218
-0.6194214606942979
-0.5289387742957643
-0.42195185909439015
-0.3944376277337474
-0.3944376277337474
-0.7211058513482506
-0.37819118043892536
-0.5668916013329406
-0.37443042864936515
-0.45587436525709135
-0.6525277278306041
-0.3920727514826446
-0.3703616675015043
-0.4453764784279197
-0.6616922239218866
-0.3976673129040684
-0.5563938800381889
-0.5999947564887317
-0.6300871798730923
-0.6018599935737811
-0.6762928557768395
-0.5777831352532347
-0.6603913660957352
-0.6735907108722701
-0.40928992029439726
-0.5896068117985486
-0.5248710495650619
-0.5213621581117975
-0.3661882957156456
-0.3779414406821873
-0.4415003069529744
-0.4152087275485811
-0.4098363194627242
-0.42195185909439015
-0.47759908619163804
-0.37443042864936515
-0.3844571714360218
-0.5079029645312793
-0.37560644652819697
-0.3972508575214036
-0.3944376277337474
-0.5311490829372058
-0.37443042864936515
-0.4415003069529744
-0.3944376277337474
-0.37819118043892536
-0.5131594868903497
-0.5420262732184743
-0.4982090655939449
-0.38603498072123665
-0.3583287138590818
-0.3729026870313705
-0.42116919375136447
-0.3944376277337474
-0.37443042864936515
-0.49486430583869284
-0.41188265725056944
-0.506081520628102
-0.37819118043892536
-0.364858160551014
-0.3703616675015043
-0.4022858612023245
-0.5897799846367673
-0.6176486817209441
-0.5198323280187318
-0.6827017005553294
-0.6735907108722701
-0.4719450437731338
-0.3944376277337474
-0.3944376277337474
-0.37626194695991383
-0.6777157556016118
-0.6018599935737811
-0.6125389367635604
-0.6058470948824701
-0.6058470948824701
-0.6021067670369166
-0.5117179092375237
-0.4717515585011147
-0.4381006898855271
-0.642143542557868
-0.4884559739540031
-0.40669942818220045
-0.5109112234519372
-0.3698791468878061
-0.4063415586393145
-0.46780510857278124
-0.4152087275485811
-0.37560644652819697
-0.4676856720115618
-0.5602160936100598
-0.3661882957156456
-0.5958690528026548
-0.37443042864936515
-0.3698791468878061
-0.4098363194627242
-0.4453764784279197
-0.4295771855593243
-0.37443042864936515
-0.3944376277337474
-0.4415003069529744
-0.5055238768158533
-0.40757088214061404
-0.45343957179969785
-0.3723012371481123
-0.37443042864936515
-0.37443042864936515
-0.364858160551014
-0.3944376277337474
-0.38603498072123665
-0.3844571714360218
-0.3913486606584376
-0.3698791468878061
-0.3851377010299504
-0.3972508575214036
-0.6442934607174474
-0.37819118043892536
-0.3844571714360218
-0.3851377010299504
-0.36447220910863865
-0.3780971872822816
-0.5880416961141828
-0.37443042864936515
-0.38544207237236733
-0.3944376277337474
-0.6735907108722701
-0.3968455492637828
-0.3976673129040684
-0.3729026870313705
-0.37443042864936515
-0.3583287138590818
-0.3944376277337474
-0.699359167805154
-0.3944376277337474
-0.3944376277337474
-0.3723012371481123
-0.6161824575496252
-0.5904672114068196
-0.6018599935737811
-0.5724307347189109
-0.7542146052041446
-0.623241516406715
-0.6315072529409071
-0.5388440121896244
-0.6092355240911794
-0.6726798427782749
-0.5885724606677732
-0.5109112234519372
-0.508238394849237
-0.4784858037716467
-0.5464660466081921
-0.37443042864936515
-0.3972508575214036
-0.6772221114967013
-0.3972508575214036
-0.3944376277337474
-0.3944376277337474
-0.6476071112334688
-0.37443042864936515
-0.5610836177164944
-0.5549581872085425
-0.3942268272541581
-0.37443042864936515
-0.3851377010299504
-0.7691144505028038
-0.5061390904624933
-0.4185857433692879
-0.7601505943305152
-0.364858160551014
-0.41188265725056944
-0.3944376277337474
-0.3844571714360218
-0.7288837859287447
-0.4022858612023245
-0.3780971872822816
-0.6085442861584847
-0.42116919375136447
-0.3723012371481123
-0.41093311655150316
-0.5259948039471742
-0.3942268272541581
-0.3844571714360218
-0.3944376277337474
-0.3698791468878061
-0.3583287138590818
-0.3944376277337474
-0.38544207237236733
-0.3729026870313705
-0.3944376277337474
-0.5038453235043782
-0.3944376277337474
-0.74403016198951
-0.3851377010299504
-0.47845229086083224
-0.3661882957156456
-0.37443042864936515
-0.3942268272541581
-0.45587436525709135
-0.3723012371481123
-0.3944376277337474
-0.3944376277337474
-0.3583287138590818
-0.4152087275485811
-0.4446101245986288
-0.45587436525709135
-0.3851377010299504
-0.37443042864936515
-0.3913486606584376
-0.3944376277337474
-0.3729026870313705
-0.3851377010299504
-0.6052964004789532
-0.6300871798730923
-0.5999947564887317
-0.5947407829898825
-0.6823084283634387
-0.40669942818220045
-0.4510916000152496
-0.6402683005238224
-0.5420262732184743
-0.5425134585086738
-0.6598816772605018
-0.6848911470427287
-0.6786334427676576
-0.6635561992705364
-0.3661882957156456
-0.5801896490548204
-0.3944376277337474
-0.3851377010299504
-0.3851377010299504
-0.3661882957156456
-0.6924990053468987
-0.37857631092257926
-0.5904672114068196
-0.5344697735974211
-0.37443042864936515
-0.3703616675015043
-0.36447220910863865
-0.3851377010299504
-0.3661882957156456
-0.4022858612023245
-0.3944376277337474
-0.42195185909439015
-0.364858160551014
-0.37626194695991383
-0.3944376277337474
-0.6406830222135168
-0.40669942818220045
-0.43460157588015547
-0.3944376277337474
-0.3851377010299504
-0.38603498072123665
-0.3913486606584376
-0.42116919375136447
-0.4022858612023245
-0.37443042864936515
-0.4949598569843455
-0.4446101245986288
-0.41188265725056944
-0.3851377010299504
-0.5116842081800852
-0.45587436525709135
-0.3944376277337474
-0.37443042864936515
-0.3703616675015043
-0.483121030973222
-0.5133034932215975
-0.3976673129040684
-0.5024720641912498
-0.3661882957156456
-0.3703616675015043
-0.4786201414052482
-0.3844571714360218
-0.3844571714360218
-0.37443042864936515
-0.3972508575214036
-0.3844571714360218
-0.42963613892180025
-0.5777831352532347
-0.3703616675015043
-0.3944376277337474
-0.5861860620896892
-0.3913486606584376
-0.6122472064997654
-0.3944376277337474
-0.3779414406821873
-0.3780971872822816
-0.3780971872822816
-0.45353973906037953
-0.5425955751329642
-0.3780971872822816
-0.4288711652975485
-0.45795959905562095
-0.45587436525709135
-0.42116919375136447
-0.42116919375136447
-0.37443042864936515
-0.3779414406821873
-0.5790687694104537
-0.5563938800381889
-0.7591576172612716
-0.5607790618734136
-0.6823084283634387
-0.43779834200965084
-0.40669942818220045
-0.6827017005553294
-0.6179871623263512
-0.4308850036726765
-0.5076340320323739
-0.7873706100247401
-0.6068595534748499
-0.6018599935737811
-0.5778295033899887
-0.6185298142365531
-0.6293461764412429
-0.61393264048225
-0.5778295033899887
-0.5777831352532347
-0.597688828672804
-0.5778295033899887
-0.530981664919901
-0.5948660108351952
-0.5953152161464641
-0.623241516406715
-0.5955697146932403
-0.5588130425438971
-0.6381448958294768
-0.5973537730299102
-0.5870497899178259
-0.5731787333313361
-0.5778295033899887
-0.5953152161464641
-0.5778295033899887
-0.5668916013329406
-0.6315072529409071
-0.6300871798730923
-0.6287403927242624
-0.6162167546763737
-0.61393264048225
-0.6300871798730923
-0.61393264048225
-0.5999947564887317
-0.5563938800381889
-0.5139286825661173
-0.6315072529409071
-0.6315072529409071
-0.5777831352532347
-0.5607307099127866
-0.6315072529409071
-0.6300871798730923
-0.6428829410464492
-0.6185298142365531
-0.623241516406715
-0.5885724606677732
-0.46045802813760944
-0.44190548464391005
-0.597688828672804
-0.4637729108983391
-0.4339676433121938
-0.5298427019269469
-0.586179615180052
-0.6052964004789532
-0.5633179373752608
-0.5885724606677732
-0.6950394019819965
-0.5553440623504794
-0.5787832246043424
-0.5904672114068196
-0.4648806996851295
-0.5410969273565971
-0.6205172792392848
-0.623241516406715
-0.5885724606677732
-0.5588130425438971
-0.6381448958294768
-0.4632893637391296
-0.6661785697389104
-0.5798153377326508
-0.5451501563009867
-0.6661785697389104
-0.6070686436188516
-0.47759908619163804
-0.5777831352532347
-0.5189452119066091
-0.7747511797136423
-0.5953152161464641
-0.6300871798730923
-0.4937923449605305
-0.6080581536028893
-0.4803097058668742
-0.623241516406715
-0.4823772081507138
-0.4339676433121938
-0.46116008937872777
-0.6185298142365531
-0.6965632196451574
-0.7011549549322705
-0.4339676433121938
-0.750607351930875
-0.7633193199439585
-0.6609031641269266
-0.623241516406715
-0.5563938800381889
-0.43366181554939603
-0.6391740439668926
-0.623241516406715
-0.5857381565610534
-0.6152676311400023
-0.6081869715686621
-0.5668916013329406
-0.6315072529409071
-0.6661785697389104
-0.634098441965294
-0.6052964004789532
-0.6300871798730923
-0.6161824575496252
-0.6381448958294768
-0.4631371088636391
-0.5633179373752608
-0.5038101613411906
-0.5790687694104537
-0.5334615964565278
-0.5981390775003539
-0.6246342183806641
-0.5935290693032502
-0.5451501563009867
-0.5905469438102572
-0.6052964004789532
-0.5749674790904933
-0.5618065068671008
-0.6000074974043765
-0.5659019148665746
-0.5953152161464641
-0.6439948927042897
-0.623241516406715
-0.5087619469354568
-0.6591736139391751
-0.5563938800381889
-0.4846549563420368
-0.6593529956544532
-0.6018599935737811
-0.4637729108983391
-0.6293461764412429
-0.5788147401285402
-0.5778295033899887
-0.5968990388188702
-0.6391740439668926
-0.4823772081507138
-0.4648806996851295
-0.6300871798730923
-0.5588130425438971
-0.5282177245886611
-0.6164110147268355
-0.49371690326978634
-0.4949598569843455
-0.7144479119720628
-0.49447581004477753
-0.5293372427317861
-0.5494205469826651
-0.597839531920141
-0.5563938800381889
-0.6161824575496252
-0.5464660466081921
-0.5497437690953851
-0.5497437690953851
-0.7200835318982247
-0.6185298142365531
-0.623241516406715
-0.6028338992742638
-0.5668916013329406
-0.6058470948824701
-0.5687315588719128
-0.7722430303408213
-0.743929848297447
-0.6092311134536033
-0.4902899783216019
-0.6781723578569052
-0.5588130425438971
-0.5774473424959141
-0.6028338992742638
-0.5715449086377754
-0.5112669247048807
-0.5874240362892623
-0.6408282501535129
-0.7631958975869032
-0.5563938800381889
-0.5464660466081921
-0.55644654189997
-0.6593529956544532
-0.6018599935737811
-0.5999947564887317
-0.5905356771164985
-0.5588130425438971
-0.623241516406715
-0.6293461764412429
-0.6100146499190077
-0.5607307099127866
-0.634098441965294
-0.6391740439668926
-0.6161824575496252
-0.767599562357364
-0.46116008937872777
-0.47851633656710074
-0.47851633656710074
-0.5249516480890977
-0.47851633656710074
-0.5559639655152108
-0.6160689772464795
-0.5319605062431827
-0.6984128995762132
-0.6136623156134522
-0.6161824575496252
-0.6161824575496252
-0.4631371088636391
-0.5780359650976824
-0.4637729108983391
-0.43366181554939603
-0.46045802813760944
-0.4637729108983391
-0.46045802813760944
-0.46045802813760944
-0.6931647921026729
-0.44190548464391005
-0.43366181554939603
-0.7479760617099211
-0.4666351423643336
-0.7732887158102155
-0.4823772081507138
-0.44190548464391005
-0.4726976194372329
-0.5010718986071186
-0.5956302504005291
-0.7805387363015427
-0.5749674790904933
-0.5985513273877556
-0.7144479119720628
-0.4967324985756307
-0.6526259339076661
-0.6688625774902797
-0.6319992654671946
-0.6593529956544532
-0.6408282501535129
-0.583468284289318
-0.45582687605465066
-0.5561317585129414
-0.5953152161464641
-0.61393264048225
-0.5553440623504794
-0.6212853020705905
-0.5959935951713395
-0.61393264048225
-0.5778295033899887
-0.5497437690953851
-0.5409770196657036
-0.46045802813760944
-0.5499171105270803
-0.6161824575496252
-0.6185298142365531
-0.5870497899178259
-0.5665665707034258
-0.5553440623504794
-0.5945308528942752
-0.6661785697389104
-0.6408282501535129
-0.6161824575496252
-0.6272101776095489
-0.5741095621440425
-0.5257459714765479
-0.47851633656710074
-0.5563938800381889
-0.6293461764412429
-0.5337513486849877
-0.6315072529409071
-0.6439948927042897
-0.5870497899178259
-0.5953152161464641
-0.6439948927042897
-0.6428829410464492
-0.5481448429706497
-0.6391740439668926
-0.6019003274583978
-0.7435915088616587
-0.4631371088636391
-0.5563938800381889
-0.6417492515259611
-0.5885724606677732
-0.6300871798730923
-0.46045802813760944
-0.6243654224698055
-0.5794852934234364
-0.7737035166164591
-0.6391740439668926
-0.46045802813760944
-0.704501770186701
-0.6610483911300089
-0.5885724606677732
-0.5842269108944241
-0.622140577233797
-0.6759655995019703
-0.782654004643156
-0.784775005384648
-0.7858376602583503
-0.46045802813760944
-0.5668916013329406
-0.623241516406715
-0.5935290693032502
-0.5668916013329406
-0.4803097058668742
-0.4726976194372329
-0.5467522613561822
-0.6404330113806234
-0.5870497899178259
-0.6635472024757664
-0.6381448958294768
-0.6439948927042897
-0.5451501563009867
-0.6439948927042897
-0.498068064157703
-0.5870497899178259
-0.6534268753011778
-0.6052964004789532
-0.5563938800381889
-0.582908233652222
-0.7046229375967459
-0.7195401068203483
-0.6315072529409071
-0.49371690326978634
-0.45795959905562095
-0.5275062147931637
-0.5759073897943342
-0.4648806996851295
-0.579088927057835
-0.5629278733309295
-0.44269926929942
-0.7317904245386302
-0.5588130425438971
-0.5133034932215975
-0.5352211769092358
-0.6381448958294768
-0.6154345319477882
-0.6439948927042897
-0.5588130425438971
-0.6060485756009025
-0.5464660466081921
-0.5798153377326508
-0.70259765269507
-0.6780772041805196
-0.6300871798730923
-0.5451501563009867
-0.5257459714765479
-0.7181829207184478
-0.7759091284631018
-0.7350899422204946
-0.6028338992742638
-0.4339676433121938
-0.4637729108983391
-0.6679062848039451
-0.6136623156134522
-0.6161824575496252
-0.6136623156134522
-0.5198323280187318
-0.5794852934234364
-0.5880314440127566
-0.5731787333313361
-0.48126955276188493
-0.6408282501535129
-0.7299025405476244
-0.610202651079625
-0.61393264048225
-0.5741095621440425
-0.5451501563009867
-0.5072416831478025
-0.4666351423643336
-0.45582687605465066
-0.7817053351751826
-0.7699382885812911
-0.6070686436188516
-0.44269926929942
-0.6205172792392848
-0.543999812030945
-0.6161824575496252
-0.7572825759149244
-0.5341119178258066
-0.6052964004789532
-0.6028338992742638
-0.607352200874442
-0.7434097141990205
-0.7608684181822367
-0.647126411549346
-0.5207123711442129
-0.4823772081507138
-0.5229936691262813
-0.45582687605465066
-0.45813706794332204
-0.44269926929942
-0.6315072529409071
-0.6052964004789532
-0.49371690326978634
-0.5157782345696541
-0.500440292500608
-0.4648806996851295
-0.623241516406715
-0.5668916013329406
-0.6417492515259611
-0.582908233652222
-0.5904672114068196
-0.4648806996851295
-0.4902899783216019
-0.6988116349196054
-0.6219824131353511
-0.4902899783216019
-0.7136069066718475
-0.4631371088636391
-0.43366181554939603
-0.5999947564887317
-0.6154345319477882
-0.55644654189997
-0.6593529956544532
-0.659452141050399
-0.5591222410076543
-0.5885724606677732
-0.6509708799416252
-0.6000074974043765
-0.6952139938197819
-0.5777831352532347
-0.5870497899178259
-0.6391740439668926
-0.8064168809286505
-0.5777831352532347
-0.5561317585129414
-0.6185298142365531
-0.5870497899178259
-0.5870497899178259
-0.623241516406715
-0.6542249762509573
-0.6346746835059003
-0.5958196678232152
-0.5985245797146722
-0.5944403835100293
-0.4997393967990517
-0.5999947564887317
-0.5451501563009867
-0.6712030949791331
-0.5671582141270832
-0.5087619469354568
-0.4808071294798377
-0.6549342462906478
-0.8075088408189055
-0.6081869715686621
-0.6417492515259611
-0.6428829410464492
-0.4648806996851295
-0.4231743376546702
-0.42987375881808376
-0.4231743376546702
-0.4204892856733382
-0.6814895858901626
-0.5771872288235476
-0.6786334427676576
-0.610146732991606
-0.42533409844878284
-0.42987375881808376
-0.6554058495169625
-0.683232334415229
-0.6554058495169625
-0.5974402249925057
-0.42987375881808376
-0.4231743376546702
-0.5715610348429943
-0.4171990395205592
-0.6287403927242624
-0.5582000258784271
-0.5985513273877556
-0.7591576172612716
-0.6446933693920147
-0.6428829410464492
-0.5904672114068196
-0.3703616675015043
-0.42136901379642283
-0.5160376615077551
-0.4381006898855271
-0.683232334415229
-0.5484252434976781
-0.5671582141270832
-0.6160689772464795
-0.6161824575496252
-0.6183160048059455
-0.642143542557868
-0.4204892856733382
-0.6167076686951177
-0.4171990395205592
-0.632752126880468
-0.42987375881808376
-0.4446557105078861
-0.6823084283634387
-0.6016424410933655
-0.5251100128957477
-0.6070686436188516
-0.63786513892371
-0.5451501563009867
-0.7902135626033302
-0.5229936691262813
-0.683232334415229
-0.5816193252459759
-0.634098441965294
-0.6683674691241297
-0.6136623156134522
-0.5751091828865946
-0.5885724606677732
-0.5607790618734136
-0.5413649832980463
-0.4231743376546702
-0.42987375881808376
-0.6823084283634387
-0.5982557777619965
-0.4204892856733382
-0.4787853687554579
-0.5921480294841892
-0.5959935951713395
-0.4171990395205592
-0.42987375881808376
-0.42987375881808376
-0.4446557105078861
-0.5700108349421934
-0.634275657435931
-0.632752126880468
-0.5926270404983206
-0.5959935951713395
-0.5644339174853119
-0.510567918707202
-0.6578867347877534
-0.683232334415229
-0.655340071316918
-0.6735907108722701
-0.5119191897369789
-0.6919870460425874
-0.5953152161464641
-0.5344697735974211
-0.5953152161464641
-0.6439948927042897
-0.5671582141270832
-0.5087619469354568
-0.5999947564887317
-0.42987375881808376
-0.4204892856733382
-0.40757088214061404
-0.4231743376546702
-0.42987375881808376
-0.4231743376546702
-0.4308850036726765
-0.42987375881808376
-0.3779414406821873
-0.6827017005553294
-0.42987375881808376
-0.7707525278671045
-0.6439948927042897
-0.5087619469354568
-0.5904672114068196
-0.5959935951713395
-0.3976673129040684
-0.6161824575496252
-0.5134190180748757
-0.6735907108722701
-0.6722039708991693
-0.5413649832980463
-0.5921480294841892
-0.6523734735163328
-0.4231743376546702
-0.4231743376546702
-0.42987375881808376
-0.6549342462906478
-0.4171990395205592
-0.4231743376546702
-0.4171990395205592
-0.4231743376546702
-0.4821362117839707
-0.6549342462906478
-0.4231743376546702
-0.4671253620970612
-0.5928596918795477
-0.5159043403351072
-0.37626194695991383
-0.61393264048225
-0.5230664796806711
-0.6578867347877534
-0.6817785120571584
-0.6578867347877534
-0.6300871798730923
-0.634275657435931
-0.6735907108722701
-0.6439948927042897
-0.5959935951713395
-0.5904672114068196
-0.6136623156134522
-0.6391740439668926
-0.6287403927242624
-0.6823084283634387
-0.3779414406821873
-0.6598816772605018
-0.4231743376546702
-0.6205172792392848
-0.6554058495169625
-0.655340071316918
-0.42987375881808376
-0.4552881338647738
-0.4231743376546702
-0.4893226842297373
-0.38544207237236733
-0.4893226842297373
-0.4171990395205592
-0.634275657435931
-0.5907059901156108
-0.4231743376546702
-0.4171990395205592
-0.5451501563009867
-0.6572034760483614
-0.38603498072123665
-0.5255605292557511
-0.5428183864209394
-0.5668916013329406
-0.5297041670464582
-0.4821362117839707
-0.6777157556016118
-0.6578867347877534
-0.6823084283634387
-0.6439948927042897
-0.6439948927042897
-0.6599235803858683
-0.6439948927042897
-0.42987375881808376
-0.4231743376546702
-0.4231743376546702
-0.43779834200965084
-0.6827017005553294
-0.683232334415229
-0.3661882957156456
-0.3698791468878061
-0.5745522157461513
-0.6683674691241297
-0.3583287138590818
-0.42987375881808376
-0.46357666180774626
-0.5049241534189
-0.4171990395205592
-0.4893226842297373
-0.4381006898855271
-0.5999947564887317
-0.6081869715686621
-0.6300871798730923
-0.5904672114068196
-0.4606368214546648
-0.6188474640176012
-0.6408282501535129
-0.47845229086083224
-0.4606368214546648
-0.683232334415229
-0.7154439200380323
-0.6777157556016118
-0.634098441965294
-0.634098441965294
-0.4231743376546702
-0.4893226842297373
-0.5756367841194855
-0.5974402249925057
-0.42987375881808376
-0.42987375881808376
-0.4787853687554579
-0.42987375881808376
-0.4171990395205592
-0.6222780224603456
-0.42987375881808376
-0.4171990395205592
-0.5656638728291348
-0.3583287138590818
-0.5413649832980463
-0.4510916000152496
-0.5413649832980463
-0.642143542557868
-0.4787853687554579
-0.6290418644612306
-0.3729026870313705
-0.4231743376546702
-0.42987375881808376
-0.4893226842297373
-0.4204892856733382
-0.5983648458345414
-0.5902193338528927
-0.6205172792392848
-0.5160376615077551
-0.6284382741108377
-0.7542146052041446
-0.6287403927242624
-0.6344383811706461
-0.5230664796806711
-0.5956519460483654
-0.42533409844878284
-0.61393264048225
-0.6827017005553294
-0.7241055602847549
-0.5902193338528927
-0.7376614572141761
-0.6058470948824701
-0.5878677691638906
-0.6759655995019703
-0.553629440527136
-0.7789560376112422
-0.4204892856733382
-0.4171990395205592
-0.4171990395205592
-0.6826170526346511
-0.4145533209617898
-0.506609359893837
-0.42987375881808376
-0.42987375881808376
-0.4231743376546702
-0.634275657435931
-0.42987375881808376
-0.6562252120962793
-0.6562252120962793
-0.4676856720115618
-0.760236764674559
-0.6150516987787676
-0.4231743376546702
-0.3779414406821873
-0.482863926495914
-0.49250727830642954
-0.5247288343494295
-0.37819118043892536
-0.5432384211407623
-0.3583287138590818
-0.710851844512263
-0.4231743376546702
-0.42987375881808376
-0.4632660477083622
-0.41093311655150316
-0.6931081586620159
-0.3968455492637828
-0.3661882957156456
-0.4171990395205592
-0.5273857845895676
-0.42987375881808376
-0.37560644652819697
-0.4204892856733382
-0.42987375881808376
-0.42987375881808376
-0.4787853687554579
-0.4701435585076101
-0.4171990395205592
-0.6246406700720462
-0.42987375881808376
-0.42987375881808376
-0.42987375881808376
-0.42987375881808376
-0.43779834200965084
-0.7779993937816314
-0.4171990395205592
-0.6205172792392848
-0.47151083381182124
-0.4492593933290369
-0.5816193252459759
-0.61393264048225
-0.6439948927042897
-0.6735907108722701
-0.683232334415229
-0.6439948927042897
-0.553629440527136
-0.6016849591225472
-0.6397220247308224
-0.4361777260551172
-0.42987375881808376
-0.4171990395205592
-0.632752126880468
-0.5157782345696541
-0.6827017005553294
-0.4446557105078861
-0.4446557105078861
-0.4893226842297373
-0.42987375881808376
-0.683232334415229
-0.4231743376546702
-0.3920727514826446
-0.6827017005553294
-0.5413649832980463
-0.42987375881808376
-0.6638931117239665
-0.5965340889881966
-0.8064168809286505
-0.6118644315383445
-0.5913302620005052
-0.7878241890203624
-0.708063133842679
-0.6954802483152512
-0.7520567271441022
-0.8013439828634067
-0.6025497658518636
-0.5011643026008394
-0.6649971788465072
