2
4
6
4863
1000000001
12
28
163200
122641
14603
1533
421
961
3
14
659
41
389
595
284500
93
567
106000
715
193
148
1928
254
1000001
23197
11
87
10221
35
515
13301
925
12619
180700
6082
5655
40
4076
501
5805
75800
207
727
222
25
73
100000001
10000001
10203
213918
428100
7212000
441
74592
22
24
7097
25
20000
2993
49
53
163400
174
19395
455
6034
1000001
738
4020
7917
304
1764
36
5616
1000001
100000001
100000001
2130
10703
7244
185
138436
30
3
30200
537648
646
34
9
4068
1186200
100000010000
447
436
2588
3936
10807
171
2336
989
2960
5554
1665
100000001
15078
28600
346
200003
101
44056
172140
1000001
81
1081
5533
9410
959
113
79718
96
90
2003
57080
10000000001
38
14444
479
25747
4382
85
1742
1615
474
202000
4749000
56010000
1726
1000000001
139822
609
60400
25994
1382
2666000
10818
97610000
394400
61524
2831
11540
10010000
490832
4395
257
170600
16300
73
14603
16800
57
10003
10413
1000001
18096
25092
129174
73
529
183
13186
24102
6653
175600
1708800
2585
2706
10001
47
1687
5318
1000001
1179
8688
2731
703
113494
175594
29918
583
6021
567
100000001
61
115
375200
5918
1010000
27424
220
1042000
10001
567520
20000
3626
17414
332400
1613
726000
2822000
2118
100001
1000001
32400
100001
1804
91600
5359
627
856
5613
2003
1032
6377
20956
32250000
20003
10000001
22
6079
1450
1472
27600
174
27198
20000
401810000
10000001
106960
381
100000001
1000001
493208
11802
7450000
73
7
31230
10000000001
13
20003
4605000
110000
10010000
604
5631
953
1515
116964
1010000
10010000
221
6410000
1520
100000001
1000001
1923
14499
1082000
10000001
109
28348
30649
4499
8515
10000001
2955
100000001
100000001
6735
16556
3431
222900
715
52
14268
195
27358
765
9531
7262
448000000
16517
113900
287
78024
26700
308
141200
186
79
2468
1667
5001
12630000
267
731644
86956
8471
3169
10000001
909600
1225
3571
97
9564
383
110000
61
304
1010000
202720
14603
9856
12776
43
196736
49
69
704
427
3213
757
110000
32300
151
955
8888
227
1313
13
37
7301
7666
85
29
27
121
330100000000
31400
1874
1000001
15000
223318000
27400
100010000
59388200
2099400
34156
11100
5740
430000000
100001
10000001
17590
470800000
19300
100000001
3004
9505
1000001
1010000
10001
85700
20003
24269
163400
1816800
10000001
122100
51600
42934
746900
5138398
3839
10163
2596.000000000000341060513165
17414
4075
12682
67887600
817700
119462
8475
19300
110000
202700
202700
4023
2702
947000
1612000000
17617600
7208
33684000
19675
30200
9676572
1758100
1010000
20000
1000001
1000001
307500
33400
20000
19
31600
2273
27883
145
100000001
8770000
100000001
52876000
30200
112600
1000001
20003
20375
1000001
11330000
1868400
10000000001
6685
20459
30200
460362
1808
90590000
518552
110000
22148216
8319
15000
10010000
100000000000001
1000001
4102
7396
15298000000
1000001
100000001
1000001
2692010000
110000
1708
1059300
10070000
9701900
100000001
3231
171400
110000
171000
100001
9188000
12009
7696
738000
1000000001
34200
31
924
23000
1000001
1949
166000
3836810000
3274
531500
7835600
641
559
2949
38170000
1700
1765500
12984
19174
11
6054
43100
808
1433200000
28514000
8621
2911
769240000
1000010000
8049
24018484
1146
11880
170500
2703
100000001
37900
940
72030000
3717036
144100000
51080
1909
10000001
46186000
371800000
1000000001
3770
3030810000
19573
27
626500
1749
1159
100000001
421840
1123600
32800
727400
100010000
1033880
100000001
2406800
6410000
9725
1922000
1000001
23090000
18000
3441000
12325
14603
17200
81
10000001
1847.266666666666651508421637
26290000
22631
1847.266666666666651508421637
20003
507860
1000001
63
34247000
17523
27239000
14603
11681
14603
10951
18800
9856
2017500
7301
9491
8031
25086
10000001
8761
9491
8031
40151
10586
11100
11681
3233
2426
20000
7
10010000
11639
100000001
64
14603
7301
17530000
1470000
11316
1981000
194690
1762000
7301
67024.00000000001000444171950
10310
430600000
165710000
836200
1001
3645800
2148000
42912
15000
1000001
1000001
568000000
10010000
1010000
103200
20000
1671
187
647
35674
48060.00000000000500222085974
38670902
10000001
2212000000
2636
10000001
12475588
114829600
10584
20003
61
474900
110000
100000001
9349
160410000
449100
562024
2003
591
110000
2501
100001
4729
68700
8404
92800
587
118200
17900
11
19126
57500
94
1882000
147
462410000
1000000001
3004
4720
539
268632
301100
5344
303300
6568
1900000
2096560
14066
20517
93
11012
4454
6727
1824844000
52278000
20003
10000001
425389600
5252
45500
1000001
17980000000
20003
37190000
979
14269
27275
433
1000000000001
1000000010000
1000001
100000001
10000001
3136000
8823
25280
853
16160
15000
225400
3830010000
28400
100000001
4898
1353
154
20000
24707
20000
4096000
11474
136000
11571
166
739
16203
287399080
1000001
1582600
1422
71666
23985
163200
492
3905
67068.00000000001000444171950
1515
139600.0000000000227373675443
517
60000
20003
787400
15000
1129
6853
5046
97
100001
4929
47048
891
7000000010000
1506800
7405
54700
110300
6734
2008
759
32200
629200
81600
35608
3517
19300
12046
656900
12490000
828
297600010000
21495
12417
11100
132000
132000
422
341738
6417
7891
100000001
10010000
44500
100000001
842000
48810000
99610000
190300
146048
1010000
10405
530100
25842
1884000
122852800
1164032
1510000
1000001
50400
133
402
135200
711900
696900
6870
34926
1000001
3973
23214
22584
2063
738616000
76010000
409
2725
1850
110000
1873200
113914
252
4073
4730000
1999
1004800
18000
108
1010000
28600
215
74
11100
10010000
15000
16
844
2581
7147
6071
2475
110000
463100
874
1000001
14241
13968
30200
100000001
2268
8172000
967
55100
3283
1871600
110000
1027
61546
481800
45684
50700
240300
100000001
4675
100000001
1000001
210178
125650000
4897
1000000001
1000001
3098000
6587
14122
304
691610000
141400684
600000
100000001
61
11100
15000
16000
55800
20003
1000001
18
964600000
18400
22210
37689
389210000
29000
136900
116236
1000001
203
1000000001
10000001
4126
26428
771700
48
269660
1304900
1000000001
210200
459510000
1110213136000
2307500
144200
2454000
100000010000
1210000
1010000
2555500
2467
3618
360400
6058
15200
97
1000001
1010000
1042
64390
154378456
3225858400
110000
6945000
57500
57500
25151
2124
6590000
3492000
110000
171400
171400
31008
806
15610000
100001
97610000
1221424000
71610000
15212
188700
10000001
938
418918
6094
48410000
131200
12010000
1463976724
3788000
148200
14778
1484
510588
3085000000
87700
23200
1612
4562010000
6328
8592
1303
106500
396000
2561600
26147
1000001
1010000
552000
1143
36246
117200010000
85
1096470
9859
190350000
15185
7266010000
25105
663
65000
63400
9210000
789
100000001
1000001
426600
3350
22210
250900000000
132
146224
624600
733
3456
294390000
2850410000
77200
8317
752
15000
2284
733000
3308
17120
15100
4359
4489
5819
10010000
1594
1382400
10000001
106
60292
100000001
2790900
7212000
89222
2979
10000001
1000000001
786
10010000
3490000
913
516200
33958
48830
1228
235258
1584
32858
110000
6441
14488
5018
100000001
342
26032000
1414200
684000
10010000
75800
67
6514
356000
63200
63200
3188
127150
390182
100000001
25223
10896
100000001
321400
229700
96400.00000000001136868377216
593
258
2596.000000000000341060513165
76000
54000
35300
1747
29600
100000001
44300
401
1592
24675
15222
200003
110000
2042
1010000
1592
212
458900
457
1000001
9190000
33
2615
17200
6686
2364
5080600
100000001
100000001
3543000
3004
15100000000
4954000
93600
3581
7193
336455296
1313
1147800
2325
1000001
18897
10010000
23516000
148441360
9165
51621093.33333332606707699596
15000
100000001
93610000
193920
6807
1010000
10610000
178000
1922800
1239
351
1815
109
97
73
277401
49
1635
100000001
10688
14603
332539600
100000001
2475210
1000000001
1000001
50400
2095
4309.666666666666060336865484
16061
20003
100000001
20
1616000
427560
1835000
10001
21901
64
10000001
170600
2248
9292
110000
204410000
7301
242870
7327
73
170600
113
16063
7301
11316
12411
17521
12776
170600
10221
7301
483770
143081
14603
15000
242870
9491
225333.3333333333030168432742
10207
2229
291
5744
1000001
52050000
85
13506
218780
1897050
19720000
21814
14603
23607391.99999999980605025484
102213.3333333333325754210819
317560000
2154.333333333333030168432742
10108
10010000
27
15000
11203
52584600
148100
1103
224
26201
1880
16600
20000
1743
15000
2929
11100
9864
10
8096
8
12449
11100
4309.666666666666060336865484
2429
9491
7301
9126
55900
460
4128
170600
1847.266666666666651508421637
10586
13141
10221
7301
1214500
29755
1470000
14600010000
41
392
250900
93347800
1001
222600
170600
1051200
109
59852
1000001
10000001
100000001
2752
541696
2273000
201510
17400
100000001
440600
410708
10010000
1684000
416700
190400
71250000
1000010000
10010000
52710000
273500
273500
10010000
126800
58900
100010000
124
10448
1218000
960410000
83600
20000
8534000
1846122
1969625.531914893872453831136
1000001
37330000
100001
829
289300
1462712
566955232
31000
52000
24700
100010000
678000
107980000
18610000
443200
112500
1026
10001
1000001
100000001
221440000
11270000
11270000
628000000
2049
80210000
126974
124000
100000001
128200
44540000
10000000001
14099
7698
80200
65310000
28200
100000001
45500
356
100000001
100001
103900
940
229
18625
159385.5999999999987721821526
82
15000
103242448
658538
27340000000
286696
20000
16000
40500
1000001
100000001
133100
907
10010000
100800
10000001
345220
100000001
10136000
100000000001
530400
598200
62200
746900
24573
200003
16666
163200
387
42400
325
1000000000001
707200000
10000001
659500
16184000
232706
223
405
359
235794
1000001
52410000
8490
110000
44
6470
227600
50400
10010000
100000001
1154812000
3130000
28800
76090000
10000001
34948
10010000
691500
100000001
2492000
48800
21528
139500
16800
8605
110000
30377
32950000
10000001
39176020
210200
10421
203200
2341391200
110000
20000
13498
769200
3588410000
1004800
520
150300
1000001
105070000
4875200
10010000
100000001
1000001
2108719570
1000001
478000
2032000
49024173.33333332643269386608
10010000
110000
18930000
73610000
21200
100000001
100010000
519772
19397
27300
62000
100000001
27800
55990000
569800
30548
18810000
10000000001
1450000
1000001
1010000
609200
2134378
714
2677
886000
6305932
50400
157500
109672960
1000001
100000001
1382000
30100000000
8302
215200
100000001
10010000
1272000
100001
850000
19240
19240
1001
66600
162400
79300
4785158800000
19025794000
899380
1780012
264160000
140585327200000
1010000
100000001
5574
14994
121386
10000001
40300
472400
1374500
240000
10000001
10001
5240210000
56592
78410000
1010000
118000
56600
69000
776000
3639
652400
110000
5900000
85
527734000
415400
635400
74210000
2800024
1283800
110000
1000000001
100000001
11100
15600
23300
446200
76700
1600000000
10001
100001
20000
203000
1000001
1331600
37900
219600
817
196500
554450000
873100000
1000000001
180960100000000
490000000
120000010000
100001
20000
227010000
20000
1337496
411600
100000001
19396
100000001
101801800
22600
210200
4442000
20000
11241
476
569500
5047
1000001
1000001
78200
171400
570208
171400
171400
570208
16408
70600
304
30200
100000001
90500
90500
10000001
87650000
23200
184660000
14331
1000001
136964800
100010000
43066
484010000
8088
2159680
25700
310
16500
66
100000001
1000000001
1488000
100010000
74901
378
10000000001
18650000
192710
10010000
10000001
101154
106000
106000
1000000001
15200
46870000
1259400
184200
2858000
592480000
32000
1736300
17264
691900
117200
10000000001
41010000
1000001
1043600
39900
76200
20000
1000000000001
1010000
707200000
110000
100000001
376000
47488
10000000000000000001
67600
1000000001
30637
3073400
537720
20000
8642
2005780
272000
23100
459800
1348070
236700
401472
132200
132200
7755008
79800
15000
600800
264364
18112
94163200000
3280400
15000
10000001
4525
186000
1000001
100000001
15000
15000
13
1.000000000000000000000000000E+32
11537
126000
25796
18904
374300
722000
100001
683
238100
10810000
28800
464
10000001
21746
1000001
1000001
861460000000
37900
89222
7212000
716119264
730200
3602
8519160
333100000
91608
12630000
9693
509600
141800
2824
1000001
10000001
904000
904000
217800
17810000
154840
481400
176700
100000001
381610000
5904000
43
100000001
100001
316000
6846
168
199056
3450000
100000001
1000001
6163
18536
21041
43000
16110
76000
2772610000
110000
340400
434690000
10000001
3988
100000001
343000
5190000
12
3571
232300
610900
5868
76800
2404700
6374
4078000
20547820
20824
25100
100000001
436010000
10001
1433
3710000
47000
10000001
614800000
13346
740000
15000
1000001
7536
479200
5271
133900000
987
786000
1029
11408
10010000
701
445
41800
172010000
87
1419
156100000
1739
78400
223
25815
84400
17502000
1010000
10000001
2409010000
3483
17995
1000001
54935
100010000
222476
1000001
133670800
1000001
76800
61311784
1000001
110000
12240
60869.99674074073845986276865
14819461.33333333321161262575
467710
271926
12112
20003
14603
431654.5257283949758857488632
266960
12010000
16000
14601
1000001
1000001
6327
28023
1470000
27750000
234840
12010000
394210000
10001
499830
776500
89184
20003
322000
7301
17857
100000001
181232.2663703703437931835651
50400
1000001
14603
279
4171000
100001
10372
740000
1000001
9126
1746010000
100010000
46546000
3004
10951
17886
9491
11161
9856
14819461.33333333321161262575
1000001
8396
10586
10010000
322000
7301
7301
9856
239064
4780000000
15000
439669000
138336
10586
318700
40
15000
7301
8396
194000
14603
14603
229540000
947300
110000
100000000001
110000
69400
23947
40300
114430900
15000
28553000
15000
28100
20358
20000
110000
33400
20000
7612
6571
20000
15000
691
4677
3091
11100
15000
15000
9283688.888888886277628545132
8396
8396
14603
26544
7301
15331
8964
170600
2181
9856
11316
13506
146010000
13871
670744
8158.333333333332120673730969
18981
1010000
30100000000
4236
7301
7301
7301
