2
3
7
531
131
677
4
12
40
37
378
16
84
2515
14
647
80
11
379
2020
4
882
5
32
791
10001
456
811
10001
1312
111
104
5
2908
19
8
17
4814
1310
2422
806
31
2595
351
314
859
13855
42
320
17781
261
201
7627
72400
13
22
258930
2003
8
7301
64
73
9882
2670
27551
16860
6425
100001
203
101
127
79
97
49402
44518
1001
796
11474
457150
2510
489
661
784000
108500
62
6
2860
3514
970
1132
10067820
9402
105
22180
1120
171590
1261
10968
4613
15000
14693
102
101
300
7429
654
29527
16908
289
2389
110000
2365
12296
10001
1001
100001
70016
1154
1836
461
2319
989600
6013
53400
435
2497
1979
921
4452
7501
100001
45
1001
60
4984
11364
13400
2887
1010000
801
189
6007
184800
2233
1814
7907
410400
17876
49900
10001
226876
2296
1362
53500
27
3278
277
679
643612
506000
599
19
592
1433356
527
245600
10001
2731
743400
1256752
25483
117
2
1000001
3550
225
582400
1000001
1543
9172
452800
1000001
454
142936
6155
5664
265
5644000000
14100
14697
10495
1619
3484
18
682
407
506
8010000
18858
473
568
22503
93
150
1791
10000001
4555
6310
1706
2823
530
1148
61
128
14522
176200000
1247
163
1813
10001
1611
248800
793
179
460
317
1861
71
3136
18756
650000
1066
169144
10917
1785
1654
8330
10001
53008
22800
150400000
14579
1269
516
6973
76700
35423
5165
10001
6514000
2804
2815
232
1202
4807
16314
1353
80
23
264
15000
229
1001
239
286
26
3861
3320
619
49
286
82
14969
608
100001
45
3025.000000000000454747350886
10001
99
3097
10001
1047
1000000001
434
2206
5743
18130
1000001
100
1223
16490
18109
304
20000
11100
346
41200
13683
865
616400
256
2932
3024
1355
1837
422
18822
22294
3659
11100
4373
1088
4172
6555
159
132210000
2075
4987
110
25
499
392
1001
2003
6305
956
152
10160
241
6961
65
31000
110000
153
100001
8756718
79454
24742
1001
17561
14731
5343
4316
806
152000
997
1253
1000001
1000001
477096
967
6976
28717
1375
900
659
143
687
311
1000001
12551
641752
2497
280
175
1000001
22
6436
152
341
508500
2735
2254
16468
74
5400
2
510
614
638
17040
5199
6475
1172
3357
100001
905
67
84
32
100001
83
29009
3117
2257
56926
6739
4123
9270
27468
2694200
2882
1524
643000
1687
29525
5565
2021
340000
805
1122
22200
1001
100001
411
174692
25021
123870000
5232848
100001
512
326
23510
61
10001
1764
36
87400
5094
11100
294
442
10000001
172400
10000001
53
100001
12662
22902
799
153
168600
304
3
52
20846
1001
458
27
77
7
3011
49886
14779
10001
54352
170
11100
10001
59800
5743
557
2221
1017
12270000
5464
100000001
8932
48
101
1684
2664
805
3197
38
141
380
291
1001
543
528
1522
20295
185
51
1001
479
259
52224
53
260
563
2920
40
1746
2877
141
199
1074
771
451
1489
100001
5957
6955
7146
100001
135
365
3551
735
104
100001
741
34
1684
7707
474
813
1028
57
10000001
102
202
63
111
110000
17
439
1724
126
1383
189
5560
3777
6992
100001
17700
158
86
1719
2195260
896
59
5687
271
28348
40800
25714
1535
558
73
239
870
909
2235
538
22517
461
13468
7737
358
5208
21000
100001
773200
404
1000001
1893
431
8072
10001
1062
8073
48
391
2410000
1458
1537
20000
5
8812
14444
351
6510
11328
1853
7846
10001
15329
4188
3011
178000
212
4922
6063
100001
5165
2643
1271
197
1944
2003
7748
1024
1000000001
290560
669
29800
72000
5109
1000001
10642
536116
103
363
100000001
127400
195400
15793
928
3798
2575
1001
5796000
243
2110
3318
1432
1231
17832
357
57210000
5578
52
225
1017
5160400
749
100001
8722
21
16641
8717
157576
4169
5210000
2783
316548
150646
287
464
2500
4534
10001
61
25
164
39
4587
8740
545
213
1510
107
1648
78992
100001
849500
246
19271
883
41108
718
7284
2648432
31400
10001
19042
186
21
32
1125
673
145542
1001
146
1000001
10001
14444
83
7979
100001
5840
952
4066000
2954920
23711
28221
2156
38248
3094
88200
107686
21200
13396
317
885
3245
252
59
475
100001
10001
1827
665
430800
3187
3388
1595
1001
1693392
20477
138216
4387800
2457
199
100000001
15000
82
2022
23499
1242352
10010000
750
669
477
1636
522
400
8137
719
6326
4490
4177
23800
26212
7417
10001
5555
11100
73
61
1021
12461
26789
269
3761
757
918000
982992
121
229
419
747
9
48000
20000
10051
8381
9779
241
10001
20003
111
8851
27248
75
10001
221680
4355
21
743
100001
5085
9429016
24207
13159
2081
23129
1131168
2287
61
11
10001
20000
3049
64
6702
7301
2003
71906
1000001
22084
49
37
42841.01777777777169831097126
3770.599999999999454303178936
13506
100001
10001
12046
1000001
490000
250900
1000001
100001
9856
226810
1000001
274990
1251000
7301
936
7301
10188
20193040.00000000265572452918
274990
16426
7301
1477
11316
7301
101
16666
170600
21
7301
49
10951
7301
7301
7301
7301
21
35916
1297.000000000000227373675443
687
10000001
5185.000000000000909494701773
12046
34
41
49
17179
22631
7301
7301
299080
646
7301
7301
7301
7301
5034
1000001
203
15000
534
5539
12
13
12776
11316
13141
16061
319741
1196
57
460
12411
12046
20806
1001
12046
7301
7301
170600
18251
130000
11316
1001
10001
49
25
