2
6
1001
643
653
5
30800
4
28279
98810000
122747294.3999999812240275787
1166
7666
9349
1000001
776000
74
34000
1886
1151
100000001
1010000
1000001
5854
6389
27900
389
1760000010000
13473146.66666666655601147795
214
1000000000001
139
24892
1431
371105320
2003
435
1000001
2570000
209200
2003
2983
111700
327834
10000001
83210000
15000
10000000001
326010000
2959200
27097000000
50400
12618
118400
409600
32200
10000001
10044
26290000
6742
10000001
320539000
30378000
52800100000000
133610000
154200
16248
17073244
3832010000
15000
1000001
351812500
198292
117532000
213940010000
1174000
10449000
100010000
124090000
160600000
233600010000
1506500
11681
63
7666
10010000
10
7
12
9
18251
61505200.00000001078888089978
7666
170600
4492660
1000001
471900
933800
565
126610000
100010000
116787100
110000
10000001
561435.7333333333288010180694
3000000004
100000001
7160800000
548020
4013
4690200
2072800000000
189
100000010000
568000000
56800
3450000
10000001
20000
3278
2165580
4944000
1644020.266666666653236461570
185924800
5869400
162048700
563610000
594000
100000001
3000000100000000
289618000
10090000
228
1000000000000001
532770000
3627718000
123400000010000
16156
116600
395200
46600
25610000
11306
24194000
363637600
10010000
14334
23
3414000
269650000
33900
2555
3760010000
223
303080010000
55800
68800
15000
2871800
48698
3300000000100000000
568000000
7441
358210000
1725
20422010000
279568.0000000000354702933692
238720
594870
10010000
259000010000
80508720
20600
1248
1000001
16296024
481970000
21000
130166752
1094740
5210000
10000001
495892
15000
323740000000
222800
9410
19100
838
28045
412100
324000
1027
4441810000
283432384
2190100000000
36800
1010000
4633276000
1010000
100000001
1253200
245800
3004
21349
10010000
4532000010000
208958200
1035
421015600
477318412000
21200
10000001
10010000
919500
10000001
100010000
204000
10000001
299666566
20000
739220
33350000
10010000
100010000
3607
936208
9670000
456400
55400
48
1003000000
12999394
12010000
768000
12027592
100000001
23182600000
58994599033600000
34550000
470000
6962000
228304000000
20610000
2448200
452134
9470000
133
568000000
10000001
3046800
22500
10000001
2966010000
100000001
607
51400
31
2184172
1143
10010000
278479852
10010000
100000001
31210000
186320
864800
24410000
47460000
46278750
638804
3274000
10010000
358000
94546
76000
24676832
1000001
2822000
100000010000
17296
1000001
187900
6942
17300
294000
5044552
209440000
61200000100000000
127000000
75900
2945
43
414492
13
1000000001
1010000
13139
58410000
4154800
536200
22680100000000
1000000010000
16991
155973136
25100
86100
18966
545920
1644010000
10000001
15000
2003
4101904.000000000538420863450
85636
1000001
116980000
4261600000
3237160720
39570000
1000001
10010000
7387840000
50436
58505
244810000
100001
337270000
7666
6689500
395440
499830
20003
1010000
740000
30670000
1010000
3
2934841.891069628298282623291
2168010000
16015.69333333333088376093656
245039269.3333333313194088988
21180000
234840
61
10010000
102213.3333333333325754210819
1010000
170600
14601
7301
17151
10000001
7301
9126
20000
2330000
12046
69
732900
210750
170600
20940951039.99999982870576787
244078200
1010000
3777000
1012
1186
40
4309.666666666666060336865484
6466120
7301
7301
7301
1579
85
32860000
14610000
3562410000
783363100000000
1379710000
11316
7301
7301
146010000
146010000
211710000
9491
167910000
204410000
25
149222000
6463.999999999999090505298226
4428
309136
81400
587360010000
354000
100000001
561386
1000001
8350010000
100000001
22735
561606
25074
34800010000
100000001
31600
2550400
20003
3876352000000
754120
2
1310585082829408000000000000
10000000001
10000001
1010000
2003
133000000
56010000
1411
18410000
25200
40512100000000
100000001
112120000
100001
27828257932
200010200
50400
1000000001
100000001
332
100000001
322000
10000001
5478
18042
3404500
24212
29423
11100
3007000000
20400
1116
3885040.000000000679847289576
43700
9823
3614000
286192
184888
13036
994000
740000
258000
13696
47818
2160100000000
37012000010000
3580010000
413221600
2499100
3316010000
115300
576000
105200
57230000
100000001
108610000
110000
1000001
121000
354080
10000001
100000001
11092010000
498100000000
654
330100000000
2523100000000
134257600
10000000001
100000001
40272
96000
614800000
2501
2324
157284700
10000001
62149500
10000010000
100000001
1584010000
6008800000
270400
19019200
1065100
100000001
100000001
34100
100000001
1541184
10000001
10000001
70834000000000
28096848
9473740
10000001
322100
5765956.266666666619357783930
6694
88850000
1000001
4190000
10010000
16500
6345
281400
451900000000
105540580000000
329643700000000
110000
1205768200
9460000000
2916
125200000
28
870700
1010000
14620
3977600
1993800
87104
17
3487000000
1250000
10010000
5198776
36400
20000
426125800
100000001
1000001
93300
299640000100000000
131953862140
1774
3580000000
11578
10010000
10010000
322000000
100000000000001
1720000000
2038000
40210000
10000001
53371840
55218122.66666666621290460170
7149880
285100000000
100000001
581800000
4040010000
331024
82810000
75604010000
10804720
6600478
26150000
45022000
228910000
2271400010000
450592
1150000
1155000
32413677760
35
33100000000
6963138640000000000
5067
4986
53900
6892
1000001
1000001
143000
73
49
10000000001
1090964800
27020000
501452800
100000000000001
10000000001
10000001
1000001
1000001
1000000001
1004000
71600
2560400
45600598000
173464
19470000
100000000001
100000001
6555544000
1634000
174604
1500
4860100000000
93400
365800000
164300
890464
100000001
116210000
1030000
32400
189810000
1198285000
1559584000000
131200
5252
1761
264707800
10000000001
301276
1091784
270610000
568590244
3280000000
1000010000
10000001
64688000
400410000
18254566
100010000
7049
10000010000
10000000001
98700
22300
22300
58850000
711
18
1000001
9170000
5328520
2003
665360
17397172
8378800000000
1157025919600
228200
1000001
62430000
126565000
126565000
771
21959
82
19200
1957640
7623
29956.06382978723559062927961
133420000000
10000001
296836
464000
14994
3758
1012485404800
519610000
54044
1890816640000
1110800
381878074
4739800000
17
11100
11100
8606
16068
268399.9999999999636202119290
338966
3338010000
1085
234200
36810000
175983.9999999999986357579473
388585600
971952
1070
146010000
2668400
1000001
1010000
10010000
10010000
1694000
1010000
4632649924
40410000
923010000
10000001
15000
31600
187300000
110000
26290000
110000
143000
340810000
31846
19000
1256961846400
15000
109
73
1000001
101384500
39674300
1037
22430
29140
871
198600
78400
18130000
321999040000000
10000001
39048010000
89200
793
1445439700
1152
71800010000
50584
100010000
80800010000
22794520000000000
490300000
3580000000
10000001
220010000
50908010000
1510000
75550400
1000001
100000001
1000001
1000000000000001
1000000001
7689700000
1515100000000
357200
680010000
33010000
879010
7957
989
108877600
2942
17019000
22800
100000001
166000
9586000
11496
10000001
1000001
37970000
3502010000
201110000
29700
3160192000
324600
5500
172
1515
1446700
169144
10612
229
100000001
10000001
269392600
10000001
1528000
258010000
594760
1000001
1000001
110000
139910
4014000
210200
110000
26353720000
4138075960
246742
587498
2592100000000.000545696821064
2856800
100000001
10000001
15610000
520800
405700000000
1095
172888
221874
10000001
5444920000
10010000
14170
504000
1059800
33096000
100000000001
444010000
744300
33186600100000000
28251712
25900
20003
110000
21170010000
315038260000000
1000000001
534000
100000000001
190800
10966060000
10000001
7829
110000
2395400
10000001
524
100000001
2717082400
10000010000
7496000
1690000
10000001
28436
368163600
10010000
37435000000
110000
764000
7
7051
2334000
6040
1692000
2735410000
227756
50400
3250000
430000000
155710000
370
57912000000000100000000
4600000
38300
6351000100000000
100010000
95
7071
1000001
11584
384800
316010000
3130000
1770000
1000001
203906044
41800
2003
310872640
763600
100000001
10960498000000000
591890000
24684000
339354400
10010000
1323216
1261
29170000000
2003
1448248
14584
3335212.799999999972669684212
1000000001
296670760
594870
32400
7330000
26230000
5260010000
154400
14221
2090132320
100000001
152
269000
10000001
299500000
1000001
233600010000
28626000
2641400
4014000
11795200000000
377900
56800
28900
1500010000
102295000
25000
13803193600
102272500
873
963316
57000
3100000000
28480000010000
30000000100000000
1832000000010000
205492.2666666666650598926935
872300
12816
485
997360
7794547000
100000001
1000000000000000000000001
4620000100000000
9460000000
1980010000000000000000
47281610800000000
223900
118600010000
1000010000
1000001
423970000
10000000001
1000001
10000000001
10000000001
100000000001
30000000100000000
2003
573
1000001
5632800
1000010000
100010000
179810000
10000010000
3098000
111104
3090000
21043
294017.0666666666643322969322
62010000
100000000001
459810000
303000
1367
100000001
181
110000
184800
25224
319000000
19895
1000001
334000000
20224
100300
233022736
1664180
146
26200
28370
93500
1880128
101
73626850
20000
7728516
20000
1000000001
1200010000
1000000001
225
1115600
258700000
10000001
530210000
1416600
1861300000
290229280
824000
1214344000
14610000
1256320000
740000
7581
33400
1010000
379031500
15000
1000001
110000
20000
20000
10010000
601400
10000000001
1010000
37600
95808
1343100
10010000
110000
15000
24100
87200
131049
1551448
638
100010000
4308480100000000
74000
13459
2082400
17610000
816726700
17610000
4432010000
3128536000000000
195504
1010000
3828000
103000000
152352
630000
4347100000000
236235400
102700000
28067
193788
1068400
1000001
31600
100000001
1612624
100010000
1000001
16240000000000
9438100000000
87610000
30200
20200
20340
20340
58000
81484
487665.0666666666627406812040
397600
460672
45900
135
821404
307550
39436
973600
770100
100000001
15600000010000
26500
43000
166000
24700000000
175800
2344
1196000
2010200
41020000
1196000
3133800
12000010000
7490
112375000
34000
504900
10010000
181120000000
4514000
279000
15000
726100
33000
324556
2360200000
2360200000
9790935961600
4050000
740000
95940100000000
1000000001
10000001
10000001
100000001
972
69200
9570000
160260
145042600000000000
10000001
9523
6434000
689410000
100010000
69300
10000000001
127150000
1000001
34600
86140000000
181988500
3392380
504100000000
100000001
6389200
100000001
1470000
70528000
100000010000
61636
1358522800000000
1000000001
100000001
25021
146000010000
10010000
481900000000
100000001
796
1000001
586000000
2292000
1834700
32300
740000
45320000010000
2267
2242408000
32900
188620
20000
3027
1010431000000
20000
10000001
1000000001
10000001
10000001
7533
100000001
3864400
4850000
16358
20120
16146
100000001
1000001
65500
26400
18269
84200
10000001
10000001
75000
13822000
7804001
1668900
16419040000
3285010000
150118
335136484
191400
211146
581
10000001
1010000
21200
400000000
1000001
100010000
100438900
12926
100000001
2523014176
12970
1050000
146010000
114132176
1604320
5528800
468000100000000
1070080000000
498780010000
22900
1000001
167108
1000001
4019080000
10000001
1001
1000001
33100000000
10000000001
1000001
3674600
1297.000000000000227373675443
10000000001
940583.1489361702842870727182
10000001
100000001
6362000
17620000000
21765
14686
214
15000
920
684760000
2515100
17600
10010000
72622
11085
246000
10000001
430000000
304000
1574000
26900
10000001
25800
24320010000
2265900
35564
15410000
13212
15000
283680
321696
160304
6120100000000
1753000000
40400
1000000000001
1000001
83830000
1000001
219600
6
103960000
10000001
100000001
103400
100000000001
3518670
1000001
10010000
20574000
3.227456242000000000000000000E+28
90
2045857600
20259
10010000
57480010000
29296000
538000000
321200
10000000001
126565000
17130000
161550610
157372960
91378
6131052400
17468
100830000
514100
9134210
238810000
103582000
10000001
85200100000000
19
996460000
28902
3070000
24828
8150000
177450000
37029760000
93600000000000100000000
100000001
21785320000
4904
80100
8347
208000
100000001
918000
1000000001
14686
52600
1064000
4922010000
1521
138193000
180340150
1890374002000
52610000
15148
1046
15197248000000
10884840
10000001
10000000001
1000001
57800
2244
43049322952
152210000
1821
15200
49
1000001
233320000
199000010000
1744408
25438
16610000
176000
727180000000
10000001
3004
233410000
5248000000
1504000
6918800
648500
1010000
13610000
24000
2658
10000000001
110000
39610000
418600
1511500
300310000
100000001
354000
2716000
70600
50400
555430000
110000
13492000
216000
224446
186154
10000000001
633400000
2432719600
7502
14977
10010000
10000000001
175370
20003
5250144
3146000
16340000
4440000
1000001
240
1000010000
174392400
43764000
63
666
74460100000000
100000001
12506000
49600
43000
355558000
392000
3455600
129200
10000001
1168000000
15983550496
3100000000
100000001
306
15000
286400
96152
3879
10010000
40410000
100000001
2811
208
10000001
1370
28580010000
7252
100750000
15000
10983964
140000
51990
2003
139600
247
345810000
1086010000
86176886
3887632000000000000
5457178000
1964500000
110000
4173920
110000
1208000
10000001
18668
675751000
320900
1000001
5631000
45000
387000
1930
100000001
81220204
1488700
134792200
1000000000001
1560000000010000
51410000
869716000000
2190000
20900
123853312
2462800
10000001
4118800
16842
1000000001
10000000000001
100000000000000000001
1000001
2070000010000
110400
10000001
1585000000
2837800
16500
42500
100000001
7617202
12602200000
523800000000000100000000
35200
92456
749610000
749610000
268214
10000000001
304
1332
2692
571
441600
17900
1731.000000000000227373675443
1458960
43000010000
4300010000
1679010000
775300000000
31200
52400
100010000
302666
1368000
1368000
219100000000
1000001
208527220000000
5830000
413800
1000001
7739
95440
523800000100000000
176010000
1000001
3576520000000000
8664
39898010000
10001
5470400
212200
616600
15000
3004
7876000000.000001364242052658
3350
56450000
32684306
1742868
909600
2964210000
1000001
7846
1020000
55
1552000
9274360
159568
15000
10010000
386849200
4880000
3279
3363352000
1144000000
1688000
15610000
17521
74000
5238000100000000
716010000
19984
4053328
893520100000000
4014000
6392800000
356000.0000000000454747350886
1000001
1000001
100000001
1000000001
1521200
24450000
14610000
369
100000001
838000
1000000001
41
1000001
1000010000
2908500
23624
91200
15836
233000
354100000000
2130000
466360000
549
131796688
53
61
37
13102
2003
8918
49610000
14950
17326
13360000010000
76800
21163120000
161659026730
344010000
2003
100000000001
110000
596800000
256000
1470000
95610000
9710
780000
386170000000
3000100000000
2000000003
12624400.00000000165982783074
266146552000000
12230000
669700000
27735400
363
201436
32996000
79586
167210000
100010000
1051
4927072
557530480
69989920000
71210000
1072
239000
1000001
1054821246400
1841
4134160000
213752800
1803760
100000001
31550000
270110000
14182
356400000000100000000
226600
10000001
8281000000
1010000
1000000001
3006010000
2227400
335692
31800
766
100010000
30100000000
100010000
133841500
25580732
293010000
55630000
1000000000001
106
10000001
168200010000
168200010000
15100000000
20000
609982000
3233220
2003
10000001
1177026.557265731273218989372
7370000
10010000
10000001
495
10000001
5451990275200
2390
10132
728200
967445440000000
656000010000
31480
455700
298600
246
21100
112
703
782600
1000000000001
644800000
64400
6625
88500
7817
500567968000
10000000001
101
11100
146800
101200
29676000
1000000000001
115900000
5718
4418
9613
88584
100000001
17920
39490000
1000001
103300000
353200
116610000
178942
4132304
10010000
16800
20000
100000001
158800
317600
116344
870004000
10000000001
10010000
100000001
9022960000
2273000
1000001
39590
299800
47788
448228
7920
1040
10010000
52684678
1000000000001
10000000001
1000001
150162112
1010000
1684684000
1479300
706401
122
1010000
10000001
103082
480670000
46906012.79999999961455614538
81200
3188
93430000
6968256
7260100000000
91600
817
813600
202726600000000000
55880010000
13432000000
59
42797
1708000000
297840000000010000
344000
399994
17728
42170000
275832
50400
1470000
100000001
110986060
241970000
1000000001
1000001
665
356752
94210000
1648000
1519
29253
1209210000
266000
1327400
100000001
1000001
100000001
1194000
474000
3726
16110
331
28
18400010000
506010000
516000
35300
1813
119
17357920000000
26100
24372000
150000100000000
226000
10000001
13395
4713220
646000
100000001
1000000001
969600010000
17980000000
16790000010000
62600010000
677606800
39100
68200
4258600
48000
740000
342000
10000010000
82
1000010000
3580010000
2030552
43900000000
143980000000
46240
40200
110000
265210000
137
42600
21458680000
100000001
2494000000
3382600
2653124920000
199375300
30410000
4634
1344160000
16858
2619163200100000000
8423210000
111415000
666600
614800000
672600
35284000
13410000
5156010000
100000001
15872686600
6974200
1028560000
187300000
200003
100001
1000001
1642000
82100
32469100000000
273860000000000010000
246830000
4960000000
7054000
16900
5990000
100010000
10000001
3806000
100000001
9902000
37790010000
79400
146010000
69035328
30000000000000100000000
65
29
15000
810634.6666666665441880468280
15284
10010000
1000000001
675
226810
3300000100000000
6000007
13840625594122240
330100000000
36800010000
100000000000000000000000001
191667400
36443152
14350000
168200
2266800
425377
100000001
17
45570000
300530560
4485172000000000
10000001
100000001
5450000
1000000001
67
100000001
13162000
100000001
45600
31123
250000000
2358016000
20003
1010000
104356000
130000000
4780000000
3718000
9046792000000000
1741295328400
10000001
93160
27754000
110000
5823136000.000001004082150757
459910000
100010000
592715872
10000001
10000000000000001
371770000
276250000
124090000
2644000
723712000
4.680000000000000000000010000E+31
108400
10010000
52883
1000001
307
95200
41610000
506
272800
15002000
10001
134210000
978100000
70800100000000
1001
989
32810416
48011
10000000001
21529
114904
564010000
1000001
585000
15800
67600
10000001
2492000
1000010000
10000000001
129200000010000
193900000000
1698000
129200000010000
63949000000000000
1932001000000000000
109
100010000
922500
319000000
12220000000
1460010000
14610000
726340000
633140607.9999999956180545269
17512090.66666666652281492134
373750000
15000
81
20000
49
12493000
314421000
261167710000
13473146.66666666655601147795
4275727.999999999883584678174
146010000
1470000
146010000
146010000
967240000
23370000
227020000
149222000
3368000
776500
745999999.9999999090505298226
151087150
15330010000
1892200
143560
270110000
110000
581800000
10000000001
1679010000
167910000
1470000
167910000
1244275000
1752010000
1374892000
211240000000000
65800000000
1460010000
153310000
5036780
2701010000
4050000
170600
92038
11100
100000001
10010000
773600
45270000
219010000
23370000
11681
735100000
363320
7301
40410000
1063600000
468000
254140000000
1000010000
2914
64
1847.266666666666651508421637
102213.3333333333325754210819
14236
30
73
20003
1367134000
740000
23570506.66666666647302008642
431654.5257283949758857488632
3968854000
688
15696
20003
2127000
271713520
966800
2054000
37240000
10000001
15000
21206
15000
1210000
100000001
40410000
810634.6666666665441880468280
170600
2097800
161080000
146010000
113249500
38544010000
10000001
10010000
8633080514.567899517714977264
431654.5257283949758857488632
4171000
110000
740000
6.064983868089106064800000000E+32
527560000
330100000000
10446000010000
17200
26400
11804
52380100000000
10000001
358440000
5663120
3514000
997690
1383130
1000000000001
43810000
1000000001
10000001
22630010000
1832080
46219000
242870
244000
53800
1500100000000
74779000000
395650000
100000001
9126
72271
166806
365168
1484010000
17920
1616000
10000001
9506377.566024689469486474990
7666
10000001
10000000001
110000
113637768460799.9827690218808
10010000
813000
100000001
886000
740000
1460010000
120010000
17124263560
11315
25560000
7301
4536000
170600
26281
100000001
10010000
16061
6460000000
10586
7301
370111
27200
7666
17156
100010000
290973400
234840
1015721
7666
3212010000
10010000
12411
21901
427560
139600.0000000000227373675443
9856
10221
427560
19346
15696
1000010000
1470000
740000
1908000
7301
7666
7301
4000000000
5687210
3819
170600
186660
110000
11681
8031
7301
10010000
481800100000000
7301
7301
121720000
1251000
170600
1898010000
7301
298500
7301
43
7301
26500000000
1000000000001
193
100000000001
35696
10000001
43
14610000
7301
7301
110000
7666
153300010000
7666
9126
307110
13871
109
42384
7301
7666
217
9491
30661
1022010000
100000001
100000001
2346730
106581
107311
108041
108041
7301
114246
144906
646
249
166806
113527765000
8396
7301
7301
8416
493
10010000
9283688.888888886277628545132
397172826.6666666634023385996
7301
7301
5850000
3004
29662600
1000001
50400
405
100619745971199.9991812135704
59724000
17156
25100
258930
42710789.74103702511638402938
278861
100010000
277600
115200400
1007566703200
1147300
100010000
224
71534
7847
151
10010000
100010000
552100
86300
10985
5160
6631
15000
487
858096
20000
48200
13
51
25
5539
3832
32696583040
110000
14596016
2327610000
621
16200
15000
15000
11100
740000
16061
58118000
23370000
6466120
7301
7666
28
13506
9856
10000001
159880000
147192
740000
202300000000
7301
954400
12046
7666
7301
523159600000
444825616
2273000
7301
10951
14601
33216
419760000
4320568000
222762200
197323600
4307010000
1752010000
4453010000
5394710000
757000000
7301
14601
28480000
1971010000
98560000
1533010000
207330000
13506
31448666.66666666224045911804
1270710
234840
197323600
2336010000
10586
631200010000
2728000000
922500
7301
7301
886000
106590000
4037933512000000000
12776
7301
20000
1460010000
9126
14603
7301
136120000
71941500100000000
14600010000
7301
10586
10951
3617140000
16426
11316
7301
9856
13871
100000001
17886
373750000
14610000
1470000
14966
879295000
100000001
10000001
3100000000
237416950
218499000
179863750
141916600
350410000
1010000
29
7301
146010000
13506
350410000
125294500
10586
7666
120655.9999999999990905052982
35
10000001
9867400000
11848
12
4538600
120935200
400410000
100187308
385440010000
97
1284751360.000000207855919143
142000
7777.000000000000909494701773
