2
687
1020
597
1151
1717
10299
3
356
1267640
47
1211
3256
1343
59
199
7858
649
525
39
9327
10000001
2742
219
498
232
22
12987
883
354
904
6973
2102
3514
5
26
13540
1169
30
547
2529
364
60
154
326
7
132
95
424
13
4
188
18
5096
8844
136
438
22500
360
84
3600
10
2343750
6612
5707
48
787
54
606
11232
182
1058
369
149
46
3690
219
226
1470000
6
1451
64384
614
123
11
651
3278
923
70
88
8
80
780
3093
335500
256
43
20500
69
236
107
5413
101
4342
503
414
56
24204
21765
7819
5014
2602
81630000
194
913696
168
909
4959
52
148
9
42
707
2744
67
13
658
64
36
73
3
9
174
8640
286
105
45
111
11
147
27
278
42
99
206
1139
243
328
9453
933
748
15000
93
5052
1664
285
4
7879
13803
35
50
566
5118
1800
327
508
902
100
742173.8666666666606488433900
5000
45600
190
95
4938
76100
1761
1342
217
944
397
341
19
17
191
100000001
479
57
2297
183
19924
12420
424
13230000
445
1701
2780
1624064
1600000000
1831560
63
17
237
187
20500
364
181
641120
10640
6
957
259
142
568
243
1226
202
611
262
213
151
270
125
7817
2339
78
599
7067
30
41
495200
456
9567
25
14
307441
3433
48407
2039
1193
12750
23112
10
6260000
175
2247
78600
70100
40800
1008
891
246844
4
175000
2589
274
8285
3800
16226
6843
84
2120200
69640
1086
641
2099
2152
24900
209276
566
28
122
28170
1010000
1230
964
66300
980
1952
35
53
1016416000
355
416
7942
547
103
418
1581
958
46400
699
47664
1000001
1491
302
347
346
124
3590
778900000
3089
82
11269
10000001
1360
15000
2125
24246
61
91
4039
1081
133624
1837
142720
658
92200
1000001
550
110
248
1152
2245
1865952
9032
4990
2030
100000001
8353
162
394
5
140
1914
12970
1736
137688000
250130
5531
693550
286
97610000
99
5743
5274
55
1056
109
2555
172000
3
521
46
1482
254
10925
616000
30200
5568696
60820000000
8420
1907
3089420
737
27173
950
4122
2528
628
1000001
3672
399994
30810000
2335
396
40410000
7595
11019
54700
81
2078
31
187
263
5890000
15000
4302400
74
61
893
6806
917
13210000
135
302
175250
10000001
1326920
599
241
71900
231
825
504
125544
3675
163
1122
313
1053
25
2850200
544000
1041
562
134
213600
8168
2707
33
318
8990
128250
109000
17347
13415
26305
115976
5643
100000001
280
10000001
728
29210000
16886
21900
2457
1010000
15180
557
2402
132104800
28723
2944600000
514100
23603
400000000
38
4914
1211428
732844
4431
553
2209
22482
1088490
3259
4686350
235
6300
2244
44430000
5195
4933
49600
2560
81000
2482
1074
1532
1123
231
18745
100000001
1696500
6133
2819
57
439
1410
2166
467
5673
1860
51630
1838000
26421400
54196000
2679
19400
111
141502120
56000
17832
880
2955
8332
874
442
400000000
119217000
121
12320
68560
5170
168
2286
617
6510
365
473584
4965
378400
41
1321
3493
322
226
6677
72
118
103
363
299
1098
744
1393
112
8502
96
4503
580
138
245202
71810000
692
4798
71
2033
1197
3906935.466666666634637294920
464
1000001
811
631
251
642
637200
56000
1373
230
1000001
831
2097
32
69
1765
2962
245
1127
807
7566
165
342
57410
412000
759
299
2709
13399
252
1440
59
1094
162
427
7346
100000001
176
401
381
728
16500
368000
38700
8885400
153
281
55
10000001
427956
10000001
10010000
1000001
222
3350000
1000001
1159
163
6511
6479
7197040
10000000001
362000
77
188000
1144837
15500
35000
37156608
637480
235
87
437
2301
2301
46584000
21536
170600
28400
94210000
15698
73
36866
18616
44056
687
20120
100000001
21171
11316
28
1000001
26281
7301
3845
58
1000001
1000001
1000001
10000001
1000001
13475
5070000
3190000
848600
10010000
100000001
10000001
1010000
10000001
1000001
10000001
32130000
331200
11900800000
1000001
1000001
9118660
13674
764000
100000001
1000001
886000
1000001
100000001
6676000
936
412000
1494000
10000000001
304
10010000
13670000
13670000
16600
77400
110000
11730
150100000000
593000
100000001
1270000
1010000
4050000
2674740
182854
182854
1090000000
262000
17964
1000001
2382500
28010000
36800
522000
578000
10610000
75
84272
423
194000
194000
153
20000
1000001
100000001
100000001
7446000
100000001
1009
472300000
15610000
17800
17800
100000001
100000001
10000000001
1000001
10000001
1000001
16666
30200
100000001
1000001
1000001
1000001
10000001
6673
178200
398740000000
3706000000
170600
4545
1000001
10000001
1010000
100000001
1010000
10000001
1000001
1010000
100000001
292010000
1010000
78310000
45600
10000001
10000000001
54800
1000001
23010000
74000
10000010000
2110000
2498
120475000
109210000
119200
104504500
22012
202468096
13730000
1368
221288
78600
1382000
147200
70148
147200
25092
1262484
70100
2993364
104283928
70100
118931500
137863000
562920
12030000
12030000
12030000
1212000
23222
130200
1000001
11100
31
1422
92918
830534
100000001
1093
100000001
304
1000000001
1176424
578600
5441260
3931
2070
5478
166464
5671720000
64208
18754
2123
1416
24102
139604800
1198440
1090400
383
695
253
2227
103200
100000001
10000001
21400
3057
572000
12142000
488392
187
28990000
1325
661
47400
25920100000000
856880
5746000
1225490
647
10000001
110000
9
102141964
7430
25840
721
62
20000
15632
19390000
17765
19954
5076000
416980
25378
354
10000001
343100
8788
1010000
53900
4057
225160
11077
2050000000
2742
1000001
1000001
10000001
100000001
11703
79472
8710
263
206144
10434
43396
43000
26500
100010000
71
267830
32550
1000001
46400
1010000
32400
113
18800
1352000
1264400
233800
100000001
1000001
361
29140
24351279.99999999657302396372
1499
783
1251
533400
100000001
20000
20000
20000
9930000
80980
17000
154000
1450000
11584
30100000000
32800
162304
386
69862
186610000
2770
810436
16006
16810000
131
2869
1290000
2003
139
8451916
6154
11914
128740000
1000001
42
192398020
708
19586832
80800
82410000
3690000
7653100
79800
350
37200
1000001
100000001
100000001
11
10373
719400
100200
100000001
20003
10023
10000001
26250
183
609000
67420010000
10000010000
4597
7837
704400
12859
19812
56610000
15302
6836000
5760000
54726
5015
35110000
114
66400
388510
110000
82248
514
364000
5058
86360
1000001
2003
1000001
10000001
13730000
159
65500
480800
2355
10000001
14718
33628
6761
2209
1000001
3580600
55061016
950400
1283
1000001
304
1000001
100000000001
6961
25923
274808
2167850
5012
194
2089
16268
9205
11848
2579000
3471
16052
50920000000
100000001
3400000000
10000001
52790000
1000001
1470000
100000001
20000
848800
227000
100000001
3302800
3232552
26082
10000001
1896000
70
720500
18479000
28920
182000
861
750800
867208
134888
3382
861800
26001
940010000
1000001
894200
1000001
10000001
1000001
31210000
2575410000
735200
4761
10000001
8710
36082
14158
2769400
378000010000
222090000
402000
1000001
1000001
236336
182324
1000001
173614
19766478
2721
1323760
1010000
21154
655
10758
13526000
6097
15610000
1050
10000001
10000001
454468.2666666666630135296146
242
606205000
3214
100000001
1000001
4050000
240600
26930
1000001
1000000001
316113712127.6595769450068474
532800
1014800
5403
169432
12684
1000001
28326
10000001
100000001
33600
232010000
100000001
19816000
19816000
29410000
208792
5411
512000
15522
38400
129280
188920
973
11488
1979
113124
121400
4247
302
777
234800
218610000
38204
365900
2115
10457
32440000
21044
10000001
1750
435
15235
2789
16248
609
6866
540185944
319900
644698
2757
954
4021
9022
167400
12376
31600
64800
1000001
30900
2290000
70100
6262
1000001
59632
1000000001
100000001
12697400
7253
405010
141168820
314584
6653
454000
1578
2410600
126664000
20100
10010000
70420
753220000
37600
610000
2990000
13432
51400
2214
31610000
33200
1000001
846000
676292
13279168000000
175600
127788
37800
15526186
8912000
1000001
852000
10000001
126400
110000
100000001
100000001
294390000
100000001
27750000
10000001
1010000
740000
18500
1134
127200
1000001
10000001
2916
66500
58872
12248
338000
14535
123800
213100
15104
137400
100010000
110000
10890000
1006
421202
1998100
84838000
15000
20000
252616
23135
31000
25912844
10000001
211640
22669
1000000001
100010000
80
478
300500
21800
43394
1116
7314
154400
11100
15700
1617
21
384700
15000
3718810000
32200
146700
8923
92190000
7042
105475600
11100
21858
1840
62400
83500
144
114850000
110000
51700
46838327734000000000000
26699
106500
137162800
42700
41800
323600
37600
110000
52700
265000
225500
6067
10010000
43110000
1010000
1052800000000
10000001
1550000
29010000
13190
14826
175000
10000001
628706
1000001
1204
28326
18208
239824
21400
15700
8370000
798400
55
21190000
10000001
14156
269952
39200
19771
1000001
11810000
400000000
21994
1000000001
25940800000
5105590
53500
1026
939424
344070
14662
27353
63470000
1076
17990000
23967
10010000
122600
1000001
222307264
1504000
100010000
18124950
817000000
2739188
661
1603
404410000
415240
6350000
1074340
14581
10000001
1090
860200
604400
176200
345724
10000001
312000
4457
20003
100000000000001
1000001
24540010000
2043680
110000
1000001
41979480
41500
160000
17500
27210000
2304100
21725
227
1567768
2644
3340
2057
1343
100000001
2787300
10000001
30600
6529
363900
322000
1386010000
473
8916000
22779
5534000
1010000
371856
2162000
443620
10000001
1000001
2160
840200
192400000
349
10000000001
592000
39100
790
10000001
2238144
947
774
8924
886
1892712
94200
852000
1589
100000001
257200
133600
854544
100000001
10000001
14667
17013
154
100000001
1000001
42000
78400
11100
457200
1102
19761
34156
475038
3741
16678000
26857
4970000
15000
723
66408
2565
2192690
4198
86210000
1432000
13707
465210000
3174000
53648
8237
328067200000
1000000000001
10010000
364660
5422000000
505330
308743612
184538
105900
4193
50170
26027
16100
2353
3236
1000001
1000001
4370000
275
3457920
15610000
3849760000
1661260
8285
141700
35542
257
3619
1403
7874
284648
73200
211600
878
431080
1825
142900
1170000
3395200
12993
658
158000
112120
8698
19
158000
1000001
100000001
463
63600
100010000
69500
245
18108
2695809700
19215
97800
1570000
8629
31076
7029
1062722
3614000
1803
2611
7332
155748
652672000
2009
7253640
98600
210
1000001
100000001
189344
1000001
24500
810634.6666666665441880468280
20003
100000001
124000000
357820000000
740000
740000
1000001
16246
3153600
836000
251120
3848
3558000
77300
674
104700
2731
414000
41724
6111
3103
100000001
316152
2761770
248560
1275362
59700
11771
3668
355516000
173830
689
130
85600
130600000
1792
358194
16732
3106
192556
204
1771300
40456
665600
3423
252937708
1513
100000001
1636642
10010000
15000
11804
1358300
13484
105600
20658
51000
424
35600
19423
83400
20249
847900
5760
2305
8268
1057988
4354
375156
295200
170640
503
1101360
3050000
1000001
2336600
100000001
119200
40100
186000
44
401800
100000001
148336
11529
7702
5321
59800
776824
7915
104204
4283
65726
1000001
3822
46730000
11514
15164
1714
1000001
117
29448
98400
885
17330000
11660
27637
3636602
243562
126200
2001800
100000001
476800
563700
824000
14246
10000001
1000001
1000001
5589
2996000
11355
1014000
110000
19306
106140
19720000
74200
74200
42100
191038
5428
31054
1000001
5252
19836000
10000001
1761
2066
822420
16864
24876000
2050000
787296
37764
4050000
2288000
334000000
183
1269
25356
1972
376000
22070000
6715
100600
19966
114829408
454
24784
159100
17810
8940000100000000
100000001
367
8819
19744
27400
309598
23222
5366
104000
124224
494000
6267
8030
110000
9527
20003
87000
21256000
6346
105550000
126094
10000001
59504
477
16710
6088
1022
100000001
676000
1000001
10000001
472000
64300
11722
3421
308000
10000001
2674
53410000
604200
21900
39100
292
3015
526
5465
1010000
501
377810000
213700
38800
13590
79000
10010000
332600
125
110000
96100
11800
1324000
10000001
2471
16424
29249
210200
17304
144300
10000001
2191
283410000
1503518
48346
2800
1338
69246
36090000
34046
8770000
344800
2499400
3950000
408332
429474
429474
1704280
1010000
2160
189080
15000
9617
13478
107400
1902000
199200
1000001
256400
10549
100000001
1000001
1545200
3429
117338
41210000
7523
796016
757686
199770000
134794900
378853.3333333333303016843274
4850000
404010000
1000001
174
100200
147544
88958
377
724
32930000
1533520000
10000001
1000001
4867
7796000
13490
1000000001
57128100
116414
53610000
1000001
1642
18100
1000001
1000001
23650
11363
1000001
21744
1057
2631358
82210000
2339072
19200
43856
11164
832000
832000
250000000
1000000001
30000100000000
558461.6174739701673388481140
908
2993800
187210
408000
209000
257896
257390
10000001
978800
13554000
3621
904200
17100
683
20000
228
284
120682
2185400
150
1000001
1000001
53032
513
15000
45
10000000001
38804000
281800
21946
198500
82010000
43832000
1000001
110000
1000000001
1000001
16331
110000
15000
10900
25246
123700600
25246
25246
853
2779
10000001
282000
9095
368
1000001
3926000
714400
3523
1000001
11977
94100
1703
1692000
30200
1010000
55364
11562
178000
11100
11100
1508
16810000
987600
10000001
10000001
1494000
148410000
84200
9207
16930
225400
381510
22208
10085
378000
184010000
272776000
606160
507520
17920
46000
13762
532
2211
153520
7391
664016
28400
3482400
388400
3408915016
1559
64200
63592
1000001
1000001
592
904564
11293
9157
7220
1010000
17945
4581
1676679.999999999765350366943
17984
3593200
9529
10000001
740000
1287500
129200
15501
1000001
100000001
1000001
23400
15000
15000
15000
740000
156000000000010000
102886000
691
100010000
106410000
63200
21704
13545
63200
522
1340000
1244000
804
129475000
329800
378
36200
3835200
221948
1000001
10000001
96500
568000000
542968
73600
901900
210400000
147302
2810000
41512
100000001
38210
163804000
16776
40800
1000001
18773
4711
25200
3500
1530000
16952
16093
6279
7156000
133
23000
23000
779210
272
5121
23000
832
234000
1611
350
12948
724000000
5190000
25300
154
78420
41610000
426000
426000
219
7950000
1549
100600
401
15000
740000
11100
5190000
60205800
12030000
1000001
19988
793
1101360
289013500
515472
15107166.93333333320924793952
280336
1061200
340280
2002
12403
1121
2010000
20000
140
42
20000
20000
423
24102
255400
10010000
100000001
40162
178872
1000001
1000001
1000001
10000001
100000001
110000
430000000
100000001
5668
614
220300
2836000
818000
10010000
3204
1444000
516200
27600
45200
3288
70100
23400
23300
12926
380000
667
482560
10010000
1000001
74570
1010000
270
130000
10010000
100000001
128000
47378
100000001
604000
35630000
10010000
4470000
708000
2003
317
1000001
508900
863424
10000001
1000001
516300
9941
77
284400
1712912
3327
10000001
386
28283
3365
658
1000001
100000001
1843
1170000
34002
53210000
28000
7310
1000001
13410
156
2787
10000001
894300
780
5650
3482000
31400
1000001
1066
169
7850200
941600
21557
320610
236
44900
16073
210134
1067470
739
4110
282294
2396472
18984
708000
69810000
295
447800
100000001
20956
499
989
10070000
29300
51688
1117
1171150000
48600
10509
54044
10000001
1000001
2065680
31000
97040
346000
203779600
1269
560884
10982
8840
1000001
846640
1404400
76700
668
6926
3195
20000
740000
11716
77400
298
130800
1211
10000001
239720
11364
6670
14999
80110000
7333
5421
42472
178
21682
106010000
1000001
110000
14291
22940
132000
4115224
28802
1039
27292
1179412
172
1000001
466
1000000000001
23
10444
17128
1000001
509
20000
5507184
10000001
16884
604700
1000001
1000001
1010000
728000
100000001
23820
13776
21602
148200
5429
31284660
79100
6648
338000
97630000
2580
165236894
612600
2866399999.999999977262632456
1000001
718
100000001
1000001
1000001
100000001
1000001
3100000000
100010000
268000
4094640
32924
1043
151480
5323
8801
498740160
10000001
721880
371
100000001
1000001
7145
3020
1000001
2293
110000
10000001
10000001
2368
5102
5190000
1248000
24770000
2486000
1248000
180758000
1248000
18870000
1896000
1896000
1367920
953000
2486000
953000
4070800
14852
1896000
18870000
18870000
18870000
17401434.66666666652372441604
1000001
1000001
257810000
1000000001
2193000
159369000
10916
13530
7277
210246400
35520
3900
111200
112168
5564000
2778
19866000
333
171810
1699
840
65528
1207300
18272
377
3085
15900
179
1612000
200
320
18395
409344
5287902
10000000001
2413
24110000
119343940
4550440
220100
110012
4212000
30684600
3884804.266666666634819193860
56222
220100
56222
587600
745466500
6513
661000
335500
3931
1000001
1000001
10000000000001
1000001
1000001
100000000001
1000001
2224096
15484000000
22742
344
775600000
1071
1658400
16485
153500
13204610
124
14189
1000001
2003
9485
115390000000
10010000
11420
176041000
1245852
448
8872200
13765
17610000
180210000
175800
5185690
264736000
1954
4964
1000001
21472
12932
858200
159200
1000001
352523.5604345858446322381496
1961268
693029800
144200
29330000
159292
10010000
171400000
25010000
1000001
100000001
1470000
27800
3173860
1851
337
10000001
1105
7293
1176
1000000001
1996
3276200000010000
254600
1000001
2188000000000010000
7355
13498496
24032
155100
300200
9144972
4841
3892
8588
91931600
6297
866928
14583
8294000
10000001
456
159
1188
688000
2761
110000
12983
681400
14739
1223
86
28600
7950000
79410000
804000
89400
804000
20395
330
14044
169434
10000001
200003
484000000
80700
56770000
1010000
1588
153
142370000
11249384
346
4444
17598
10810000
2959200
94
158000
24573
15852
7055
524
733
1013
653680
7538
1000000001
3990
838800
1000001
318000
14871
117668
826800
236737480
4522
476000
14862
1330254
82930
17985
1350
5872000
325900
91000
1630000
91000
27820
20000
110000
1000001
1000001
1586000
220200
718000
2072
10000001
28422000
6471
406
10010000
12090
1010000
15000
21100
16069
17986
57916
10156000
15000
764000
1959
5020
712600
607210
4996
7026010000
51299800
2321
740000
15000
15000
2986
14158
16100
1058000
9718
122010000
2179
132000
154000
100000001
15000
410054
10000001
313000000
100000001
589720000
5405
13734
4593
816
133600
91608
4050000
200
402
1644304
14337
37690000
1551112
1885
6804000
33000100000000
722000
71210000
722000
10000001
234862
46900
142814
2702
1010000
3999
67800
69466
3638962
25680
100000001
7677600
10000001
31968870
110000
5
9
100000001
20000
21329
1000001
546800
32130000
10000001
10000001
20215486
2284
13128
224370400
79256
1961200
1000001
38300
28266
110000
10000001
490000
6443
9702000
7084000
199000
10000000001
24600
58180
260000
85000
1000001
1000001
2059
1000001
372400
67398
505500
2925
163736
198000
4210000
7461
100000001
123344
350000
154210
93100
249000
22500
1010000
1010000
10010000
346
14601
32700
167200
110000
470600
896000
100000001
10000001
1000001
118200
118200
100000001
400000000
1000000001
10000001
6996000
10000001
344
159
558488
2839
322000
6151
100000001
84772
1256
128296
382000
100000001
1000001
1625
10000001
308800
64636
119425000
10000001
34600
1466000
10000001
13498
160
10010000
10000001
32400100000000
509686
1549
100000001
298000
7963
5080000000
1000001
1000001
17060000
100000001
10000000001
1000001
1844
100000001
1000001
12464
21200
2075
1089
1000001
18327
1000000001
173966
100000001
1000001
15000
1010000
1000001
172
21150800
1000001
10000001
10000001
18000
9911
32915
15000
110
11746
90900
19400
171500
37
20132
3367
217330000
105742000
47500
72800
194800
41400
10352
52410000
2043
1000001
76400
10000001
19210000
2200000
14610000
1310000
2003
484800
10142400
339
5052
342686600
86900
17351
5308800
10000001
362188
530100
1356000
144600
10000001
18400
159886
7370000
100000001
1000001
112200
3959
563
6839881600
18744224
194000
17888
16800
563
65
342000
9980
142000
78420
10000001
10000010000
10000000001
1000001
336
26000
4939
36500
7816
158016
51700
2682010000
10981
32700
19280
36800
127500
513100
21961
10000010000
884
158140000
32650
47950
472
1103488
269952
327610000
243904
15000
100000001
9372
1000000001
30200
351410000
160610000
32390000
2184
14610000
10000001
10000001
835000000
1000001
1000001
145
110000
1000001
197800000
12044
602
104000
20600
20600
1045552
173
3505
215
10000001
738
10000001
15918
58760000010000
10000001
1000001
3528
1000001
304954
15000
1000001
1000001
967
688656
5237400
569400
16644
402
120210000
2506000
6408
18800
7888000000
134000
66600
621
433824400
64600
10592962
73500
10000001
6241
119859400
16500
100000001
3860
100000001
10000001
3375
38600
104300
114500800
54700
15000
2672
42500
100662
422100
111900
495700
29500
507134
180777
122800
61700
26700
288646000
56000
19600
272800
46400
24100
98800
100000001
100000001
64601
100000001
1145700
103606900
138300
969500
1000001
67615
441000
2254000
12093
952000
10000001
17826
2196000
400000
1000000001
1000001
10000001
10000001
400000000
10000001
1000001
180748
15000
21
10000001
106800
21000
12420
21000
1616000
2074
32000
1394
407416
58
1822
305834
25089
1426
75186
953600
12518168
1000000001
1000001
149634
116704
1000000001
10510000
10000001
1000001
317200
15148
91246
148180000
10000001
3063700000000
41900
63810000
189800
100000001
10000001
55600
36708
529
11659000
464240
59610000
2459942.079999999625215423294
40600
3945
19282
18976
18976
816010000
18976
6200
2130000
5719
35378500
100000000001
2928
56
6826
153000
188800
1000001
99900
2346
23186
2922
689056
1326000
75800
100000001
201100
1000001
1456072
116800
409
7769
466
110000
3452
16
166420
1173
132
4145324
2156108800000
10000001
2385400
91400
30810000
1164340
25400
50400
50400
1382000
21043
85350
13594000000
11630000
128872000000
318000
26940
2258400
6108320
16820
22323
352944400
400000000
13018312
619
930000
20252
110000
2742000
79
1010000
35400
1000000001
100000001
100000001
1000001
1010000
20003
136400
1000001
281200
20137
40
582000
16731
67200
4603160
846580
592654
2008
3036
87836
672
789024
18711
63210000
8563
407296
280
2411200
3504000
457
1097
1000001
4233800
1000001
278500
30746
6872860
5734420
19514
693
28489
4915600
10000001
125440
1000001
15000
8
1499600
40001
186712
15720
458400
34308
158938
7324792
2070000
30600
254522
2070000
17610000
5572
422440
498800
337564
13564
163
33778560
836
1414200
10010000
89200
143
10010000
1967
520
966600010000
1000001
5464000
19834
1000001
1000000001
1000001
1000001
3004
10000001
1000001
1000001
50400
405
33610000
165200
3005
30230000
127610000
85210000
33540
3035
10010000
164300
318600
16087334500
5722
1060600
300100000000
110000
2775
1690000
1010000
4250000
152
100000001
17480
10000001
10000001
1000001
3724000
1218200
13322
168852
13322
2655520
13322
25100
302010000
432
100000001
1000001
29624
10000001
461710
1196
2100
25010000
10010000
1328
110000
10000001
23800
110000
46000000
400000000
1000001
100000001
100000001
23200
1000001
110000
561012
12068
2016
27200
16000
740000
1032000
417000
740000
62400
250
412
33400
33400
4050000
2003
224
26000
1081
141124
598000
4302400
14567
17300
1290600
329600
329600
10000001
7479
10000001
29500
23800
11100
55300000000
20000
75800
5
89700
20000
10522000
15000
10010000
15000
337
21200
113
16
59150000
175313260
2292220
60400
114
299
3502000
235090000
28400
15000
100010000
110000
740000
19897
11261
228133600
61600
177
1791561.599999999985357135301
2463
967
123
3162
11100
11100
261746
26895
20000
1216
11100
16250000
1288000
301
49043
941800
230286
142
736000
2830000
292000
952
4962880000
601400
941800
100000001
140328
1000001
1770000
1770000
89000
17114
1770000
20100
3370
11189
9292
100200
235800
2887
453200
15981
44700
1000001
40210000
235028
414000
115444
112616
4050000
35828
10000001
8080510.933333333267000853084
86680
10369
1450000
9268000000
2217
2308
3970000
4532
4586208
139400
10000001
1000001
87410000
1004400
10000001
1437
3561
1329
258832
1000001
198
10000001
70107520
324
1070000
3665670400
128680
8243
3685810000
6093
10000001
100000001
579820000
100000001
362000
6730000
15100
17895000
100000001
178630
349922
340800010000
84700
2433600
418
20003
15280
100000001
728010000
1068100000
6400000000
10000001
1000001
2110000
12030000
7152000
10010000
10000001
580000
38500
10000001
100010000
3017600
7386
169612
471
58960
8312
587800
59900
7445
870
10000001
10000001
1390000
10000001
110000
100000001
7076
78800
140658
1000000001
134350000
42670
29996704000000
166551100
49204
76780
36500
37456
187144
1320010000
917368
45900
9121
194198
7721
13210000
3127
16600
1805
106791400
16600
9102
19900000000
23200
32440
125542000
51712
1011246400000
15012
1330000
13977
13222
1144000
973600
597160
68610000
973600
1221800
26600
9059
766
4822454800
23988520
296000
100000001
120100
156010000
166
1092000
139800
25600
17800
1495276
73602
76100
76100
8258864
110000
171800
31200
170257600
187920
1465
14188
1148
135
6078000
75800
50400
1226
1000001
1830000
25470
50700
197313700
13974170
559200
502000
3130000
769200
769200
12473
10000001
13234
315
1000001
1000001
18070000
71250000
144550
108100000
60000
5010000
70350
35702
17496
2850
1000001
94300
110000
15000
5584000
6226
7156
1000001
178520
400000
1864
2960010000
10575
25970000
11100
100010000
11100
15000
34849706740
643856
12390000
15060
50400
795
1591660
13638
110000
100010000
1000001
1000000001
51700
2882
3117
19174
93400
3524
20800
200498
2170000
20800
109
19927
10000001
2690000
21066
1926000
1000000001
10000001
1000001
359200
2003
10000001
1000001
10000001
35587000000
46200
82400
156650000
121
187
76200
13146
61152
12310
22848
3619970
719
90200
35400
9123472000
2277000
215766
1000001
1396000
1831
15639760
28700
100000001
10010000
15000
16810000
1018
301034500
49000
177337000
586
34320000
301800
1000001
675
436
3357
522
7165
11100
43638
414000
566977600000000
110000
3263810000
441558.3999999999964529706630
7605
16288000
16300
100000001
1000001
11850000
156068320
166000
127600
3344000
4930000
622
35584
14994
931
4550000
20000
161206
2254000
15808
7455
414000
304
7060
11608
89810000
144280
52790
167500
1000001
100000001
890000
123750
428
7706416
6101
1000001
1000000001
1000001
1000001
1000001
10000000001
1000001
15610000
34400
362000
100000001
34332000
1000001
100000001
1000001
1000001
140218
20003
10000001
2898
73756
10283
28075
967600
44600
285
1086000
1618
10770000
63800
1410000
78210000
10000001
481
122000
489388
2184
10000001
20003
26308
50400
100000001
10000001
100000001
1000001
100000001
589800
39400
932
10000001
14600010000
100000001
110000
1000001
1000001
166000
1000001
1000001
740000
4320000
10000001
20450000
102000
10000001
5412292
1025
3050
1989
2783200
3836
186000
4987000000
124103200
522010000
226000
2003
12361600
19200
961000000
67100
1142
15000
41600
15000
2370000
20000
2173
45810000
1925
110000
36
1271
20442
1000000001
30200
1473600
38300
617
7402
21496
100000001
53990000
1000001
100000001
11195
10000001
14419
1000001
100000001
20000
11100
15000
11100
1666
740000
758000
128000
38578
1000001
169640
624000
1459632
73200
372400
499
165600
16358
38900
18
514
392
461
3543200
4050000
1884
527
3467332
2220
2003
1000001
100000001
556400
1010000
21800
5809
5900000
1190000
10000001
1000001
113114
422792500
3064
65200
100000001
1000001
60754
15830200
361906
98644
14523
184627000
23070
87200
294
280910000
130712
14202
48200
3077460
48200
2160
11804
83
15000
31858000
10010000
8820010000
54100
1967800
29052
8050000
11100
66100
110000
11100
698
1000001
995
7124
12134
1498
10000001
20003
100000001
10000001
1000001
100010000
20288924
2170000
3056000010000
82000
414000
29236855873792
908
102708
2003
10000001
4822410000
11289
1000001
1000001
10000001
1000001
100000001
64615000
11320
10010000
100001
1000001
1000001
3379
15600
633
22342
122200
172300
1624
15000
1000001
310300
6016
36600
16814600
144700000
2177
39800
24372
24900
1000001
8472000
2287600
2287600
25600
25600
282
877
796
63174
326700
1000001
1000001
1577236
6148
1390000
161600
759
65
2203
3810000
20003
100000001
80800
43000
10000001
29492
9478000
1000001
100000001
10000001
78100
10410000
5201
45410000
119210000
107627200
464000
4550000
454010000
6758000
807580
748
20000
20000
15000
48556
11100
372400
100000001
166000
20000
11100
1000001
773000
68200
3487
212200000
1599
5181
592
268800
598672
2337
2784
909708
11100
3
56900
1010000
29000
100010000
1010000
20000
16886
1010000
740000
110000
8163
15000
740000
13816
463
1010000
35800
268000
35800
440032
666000
42800
1000001
737600
424000
152400
1000001
10000001
1000001
10000001
11100
110000
1762000
20003
10000001
1000001
19262
110000
501000
100000001
27784
2003
166000
160
100000001
150000
450400000
1251000
3340000000
10000001
100000001
76330000
669200
142396
6019
19700
19700
1824
306000
2170800
10000001
8100
11428
10000001
100000001
1000001
10000001
200600
468100000000
36862
105604720
31230
34288
26250
12750
2098000
25010000
99000
23000
447250
12750
66750
2510000
29362
12750
125780436
5057500000
2510000
22500
124787500
22500
22500
260000
22500
22500
22500
22500
111900
22500
1835000
1835000
35000
1010000
458
349522
110000
929
27
238592
27400
6404800
10000001
10000001
3590000
5288000
110000
110000
17600
11672
77
4083400
991600
1000001
88210000
456400000
16072
519017.5999999999958163243718
4429503.359999999323918018490
519017.5999999999958163243718
118160
42186
876000
8339
1226040
311000
11738
892000
45600
6448600
567000
86032
411544
1000001
31
116
2350000
102000
46913389.86666666628116217908
1000001
199
15800
33316
72500
100000001
36200
1000001
100000001
1000001
100000001
20003
788400
10010000
1893400
10000001
100000001
125200
46800000
23396
2927
220
483610000
10000001
348000
174944
29200
45200
11100
11100
1323
1086000
2003
570000
10000001
12116
14620
100000001
928000
222668
326000
159
43145
1144000
11452
67
184284
7923
2177
164000
1444972
674000
3132
2003
1430010000
4088
10010000
19600
26600
169300
110000
102213.3333333333325754210819
180900
100000001
25356
23150000
47703304000
6039738
366
100000001
50400
100000001
108930400
16290
12130000
3602000
110000
29680
562000000
110000
40210000
12618
214
6610
12618
110000
13
28126
28820
233
18374
15300
430000000
689200
10000001
108400
360000
1000001
100000001
1000000001
1000001
1470000
5049104
82385
602000
10000001
100000001
1110000
10000001
2299700
10000001
1000000001
100000001
82600000000
1600000000
12963
100000001
1000001
103551100
49810000
634000
932020
5743
228010000
44610000
110000
24280
249
346000
1410000
117800
63900
117800
9059810
117800
579
100000001
76300000000
1000001
1000001
740000
534790
402000
33100000000
100000001
10000001
1000001
100000001
9084100
1570000
105625000
10000000001
100000001
33610000
108925000
100000001
100000001
27800
14990
306300
59700
132100
3634
86670
3486
10000000001
36610000
1000001
2269700
5464
4210000
5782000000
1000001
8770000000
193750000
1000001
22500
10810000
21210000
133405000
100000001
1922000
425
566
23720
12909
15499
10000001
240000
1382000
132400
94400
567
187360
5754400
7810000
2510000
1010000
10000001
1000001
100000001
11100
100830000
1401316
1905416
10263394
1018200
69313668
524182
2792632
1018200
2157466
10036000
511300
1330742
6018872
2147384
7843714
514100
4738458
100830000
1411398
10000001
1202010000
1000001
99600
17730000
24110000
296308
1000001
1000001
277000000
2590000
10000001
27647800
5851
100000001
100000001
1684
411600
2664
18514
3517048
1000001
36210000
10000001
180390
139
1128900
197600
492000
1000001
1000001
33000
24600
34100
3090000
1396000
1394000
201700000
3000100000000
3197
20905
2310000
10000000000001
10000001
35000
100000001
11264000
1000001
728000
142240000
2049
6042
100000001
5968800
52000
15000
22614040
7240
794
518
5292
9836000
1000001
25300
100000001
1470000
221200000
303690000
1470000
1000001
10000001
64
65750000
4588012
70180000000
132304
28085
366108
1190484
8523
2361
1462
50715800
21847
3474
174580
29500
29500
196
2899
1000001
2139
64200
14686
436000
144858840
398512
52600
2768
1797
21594
1000001
3449
277418.6666666666644687211374
2127000
192280
776010
25550900
109736
1444370
237850
2807130
372390
213980
700060
7634
683
375424
903
15148
699
12761640
126685936
15000
13498
1036
1000001
1000001
10010000
142000
57800
57800
225138
141968800
35100
58300
97
147800
164300
16600
36800
21400
179400
100010000
30100
76500
110000
207700000
110770000
105385000
10010000
657
1000001
6494
1768
15610000
100000001
160
5937
4294
142678
563
192996
110000
100000001
105568
682000
16500
1010000
1184
1801
8710000
998170000
1000001
553
11100
110000
11100
922500
20000
3674
1000001
3312400
61800
260
63618
169
18300
444
105940000
39200
563
110000
3750000
21010000
4006
206000
11820000
21979
182
74896
235113800
125420164
55440
2668744
4104
1197830
45500
81000
11889
484896
569800000
546000
63600
10076
265669504
3487
275631280
46690000
10000001
100000001
23882
1000001
2728000000
1206
151
98800
54400
56000
8576
10010000
10010000
3864
150492
7968
11540
14010000
175
1961
100010000
1137
2515
39
966700
100000001
2190
50610000
2471
2142
26314
11633
10000001
224
107742100
36200
100000000000001
7510000
9549
14152000
15000
6147984
78300
1376000
7441400
513346000
379400
1000001
1309
22852
584400
1000001
9856
1000001
1818010000
4780
4840
856000000
1738200
27491
140810000
3346
2486
1000001
1918
20300
3256
104
724
223900000
11649
26010000
2533600
10000001
620010000
7069
10000001
1000001
1000001
24151
1000001
1762
16121
1302
531400
4624
12046
94
299393200
352600
31272250
427
38
43066
26700
1078
58900
22894
15200
1091658328000
1353
12552
144000
1350000
21792
45618
100000001
1028
8061
10768
34684
389714
6704000
14977
316000
3061
100
8156
87650000
5791600
1265
175044
6482000
70500
34396
6718
238000
6458
12508
1645444
12508
1674400
238000
22810000
2290000
2290000
12508
220246.3999999999982719600666
21400
220246.3999999999982719600666
238000
32800
10010000
1000001
1010000
18700
100010000
10010000
2510000
231864040
1010000
5228320
55590000
565800
27010000
1000001
381210000
77400
20305
278860000
10631
112000
23260
109124500
2766
95800
430
1000001
5460000
2726
1000001
610000
2577
48600
4825
113761600
574000
22500
102213.3333333333325754210819
8746000
31485173248
4209264
210010000
15233456
6947328
522544
2110000
153264112
16595744
407320
220000
182620
10010000
28480
381030
16866
74470
5530600000
257082
21010000
3400000000
652700
31630
213
1641070
277000
1067
85390
148180
623200
144904
728200
21010000
67210000
5131
3124
76286
3777
1000001
3135
1000001
1000001
110000
1000001
16539
100000001
3398000
308144
202148200
5678124
47268
33880010000
179400
348800
33890000
33890000
47268
18041
5646000
554192
24737
10000001
100000001
354000
100000010000
238000
12508
568000000
100000001
4952000
66400
3109
62010000
1000001
146010000
10000000001
2170000
100000001
100000001
29602
454
1000000001
19612000
17480
679
97736
10618
1010000
124344.5333333333323935221415
22400
10000001
1000001
100000001
6036
3172
4474
1000001
1000001
39432
10000001
10000001
39238
19014
100010000
4040
683200
1844560
288
117400000
1010000
98154
12185072
424400
2441
57630
4918000
53800
4026
1467
24976
9800
1148860
20398
59874
1000001
3872920000
1470000
100000001
489500
501556
3000
100000001
10010000
140600
75300
100000001
3254000
306
2934960
119080
1011
100000001
7162000
26319
925
96592
674000
236776
10309
1316000
28697
361032
1690000
3333
208
664400
65450000
1000000001
100000001
1000001
1000001
10010000
1010000
30400
1000000001
100000001
1000001
1000001
1000001
1000001
338824000
6992
1988
151102
80200
1633060000
1781776000
622000
31
86
5022100000000
100800
100000001
10000001
38010000
47290
3400000
552640
1284000
1719
1080496
612
25930000
2602000
10520000
5010000
100000001
9331
585400
1249
204
1221526000
5607
4510000
77800
87292
477342100
126000
15800
896
117
43900
7786660
113446774
50010000
28787
26420
38900
290
2049800
17100
1158
124
1822000
20000
1911
27182
69570
21500
1190
38160
2951
7946
1512
15000
10010000
59104
2233
2346
5270
125520
26000
161
56100
29400
8247700
5334
15
6038588
210200
9950000
50410000
10000001
53700000010000
20000
160000000
370000
88800
49400
36210000
28100
240
827
17568
491888
7174000
5980000000
870
1000001
70010000
161000
161000
1929
5545
1535
1470000
3585
288366
136700
328200
21410000
108
54000
110000
6922
1389200
1555022
3504
11317
10629
11546
750
14606
18749
4047
1154440
13909
85834
1345
5436
25829920
248600
1194
110000
10000001
2003
1000001
1460010000
61210000
740000
147874
2880
149
3274
100000001
44500000000
100000001
9267004
1956252
278
10000001
5868000
9976000
1000001
14610000
1000001
2393
184000
110000
145100
68916
4500
67100
1152000
67100
124200
1729
143966800
1000001
110000
5082440
1203
1000001
22329193600
171670560
405568
108400
9200000
23409
1074010000
4226
30086
100000001
594
28800
67528
12068
12068
28800
6130000
13921528000
562920
56000
92010000
182938000
1013115520000
10128
102000
56000
102000
92010000
1007104240000
189400
20120
92010000
3463660
70302
7780320
20120
20120
20120
102000
20120
9210000
20120
56000
930000
56000
6726000
930000
56000
525632
22580
505800
930000
10000001
10000001
653839594
51997360
1000001
100000001
1000001
18260000
411500
100000001
78900
1381
100000001
100000001
547241200
3068880
199924
99700
898
221800
433600
2119
4639
640780000
5913
16726000
3652
47906
6174000
1885
6137
2212
94288
58
13805
43200
2424720
28010000
1000001
3086
80
1000001
831736
914000
2462000
17909600
1227
5672010000
58570000
23200
31076
1000001
1000001
650200
968
20000
10000001
28090000
42000
16424
356
604000000
1798500
1000001
2949
8421
101663992
39524
11459
1000000000001
1000000001
1000001
4480000000
1000001
10000000001
10000001
1571
4376
29000
2753
1000001
1330000
93
12639
431
222
276
215840800
39612
1950
575
5657
18932
3952000
211146
1978
620
6729
10000001
56266
2690000
59312
36800
2690000
25544
23400
11100
423
59500
115700
1000001
52400
19438
105217
838000
28786
1058000
3971856
2003
1000001
51200
34310
9524
67600
756
19306
659000
276
4050000
96500
400000000
128
896039596
100000001
1000001
194800
1470000
54800
449
506494660
429
135560
170100
10000000001
1190000
10000001
2143
1000001
23810000
1000001
342
28964
3650
885
298838
24499
31582
1000000001
10000001
100000001
110000
12210000
26574
43000
76000
1316
460400
645592
702
3110
195
303200
58800
986000
88320
910002.1333333333259361097590
1000001
515890
1126200
3076000000
100000001
100000001
1000001
14471
3661
202600000
20252
110000
10000001
20000
100000001
4824
71810000
170
174600
10000000001
1771
35150000
4918000010000
13705
100000001
1000001
1000001
3494468
9221
3075
370098136
163600
1000001
100000000001
542000
14610000
2289
330000
5
30600
212200000
100010000
159040000
702860
19350
426
1137160
153420
10110000
4050000
5634
19020
17429
859
39300
11
1000001
647000
1000001
46
5365
21060
993
3004
63100
11100
174016
63210000
2003
152406
770968
1405
2468654
561
272000
91940
1000001
4546
422
332
18047
34900
730500
24410
1574568
2396000
100000001
15100
227162
417
211
18668800
192600
3021
247
1178000
20000
512000
1000000000001
110000
10000001
17084
116000
10000001
70104
1000001
1000001
10000001
300290
100000001
20003
10851
4828
21010000
20049
1828480000
10000001
345790
7154090
801445000
27559
2316
544
119560
347282
1729072000000
18170000
292
35282010000
1010000
15610000
6337200
137622
81700
837
12601
3004
1169
698000
50400
1010000
357728
1000001
20000
10168
998
83
390000
100000001
50400
314000
41869
10000001
42010000
160400
18272
24118
1000001
205206
9700
20257
1000001
9983
59795
472648
89488
274224
18096
5382800
865400
27967
108800
495
19020
17150
373200
10000001
12410000
11921
100000001
3748226590
1496000
1000001
8361200
50100
9399
75
10810000
12575
4324
685840
4463
4629
55782
198610000
1004000
1334800
27644
420010000
4410
100000001
2643
286780
142000
12860
3194000
1010000
1000001
82910000
15841560
17233120000
26600
257
109904
110000
100000001
10000001
100000001
150100000000
1000001
11100
100000001
15000
20003
1000001
1000001
50400
202000
10000001
1010000
202214
9157
473140
280
20500
2494000
10010000
7966
1492740
25400
11100
1651
20000
11100
1010000
9742
15000
1024
280400
1000001
313600
100000001
946000
13498
160
6894
3474
1251
906000
13370000
1682672
169200
81010000
2003
354000
67800
1852
84822
354000
3440010000
354000
13300
151
3631
20000
5569400
62700
140040000
1407202
1012
35410000
27700
3450000
5892
1000000001
26309
298400
400676
24200
24200
221610000
33400
38900
17672
9821
57810000
8953
451000000
1010000
10000001
29543
30200
103339000
3839061400
10000001
10000001
100000000001
1000001
44715200
65924
1000001
100000000001
64610000
515890
4600
1292000
127118146
111
108230
12535
306
1000001
1758
1000000001
62117900
1885330
110000
10010000
100000001
30394
100000000001
19746
1208140000
3660000
20000
30400
20200
2783
565600
140000
6408
938560
278970400
2760
3474928
7798000
478402
8118
1000001
2378
380600
13822
193590
46200
110700
2054
5877
101564
17527
11370
16556
26346
577840000
289328
1908
4182396
83282
3208
875
142
3311
15324
220
22232
557
2872300
1799
745
264800
1000001
857818
6953
77
429
1279
905800
358000
1297
70400
80900
151370
3940132.266666666634364446508
2132
20345
8033
81200
573
334
1120
2085
1855
395
914600
43708
359
2835
441100
1000001
20200
103390000
1519
188
1336
15000
75100000000
22500
4498
28480
944
1568
614
580900
411874
2610538
802
10360
2070000
17661
30600
1000001
10000001
2938
34168
3505240
98800
4134
2959200
382541.8666666666636047011706
100010000
20003
10010000
2003
4848
3449
297000
2080
587152
707807200
83800
3014
16358
683348
2346
10000001
52800
153136
104260000
2565
350600
1704
68800
1000001
100000001
100000001
34800
1000001
110000
277724800
762
30800000
5204
5766518
41394
2272
12184
618286
24700
2931
28766
100000001
1000001
1504
60436
56700
103400
1365
100000001
16667
10000000001
827712
23112
69600
23112
48500
44
71
14796
8932120
63500
69600
4465
11930000
1890000
3034
477
994180000
12732
96000
1000001
579470
1000001
11361
888
1000001
260470
29310000
2940000
57216
69020
192508
83238
45464
332400
14422
17898
100000001
9944
14625
90700
100000001
51616
130602880
106
16621
33540
1071
1000001
8648
1000001
405900
10621
2248
157
11298
50200
403
513
550
632600
1097600
256642
2238
4829
16700
126776
54044
2003
1902000
183
1915
27433
90410000
100400
5050000
1857
785
20000
623
606
2335
435
632800
1004
8109
84734
1000001
2356072
196
22804
70000
1333
5230000
122090
3526561600
2488
643400
664
2370000
163255552
1732800
21800
100330000
110000
25930000.00000000454747350886
20120
219
3183400
938
30450000
1000001
410400
350264872
14444
312
10000001
100000001
10000001
78600
200003
1287500
19181
1000001
58200
970000
10000001
26300
13586
10002
16696
600
144600
1029
110000
10000001
153200
717
1938640
1264
3698
265
180
6515200000
34500
3587000
7175
4553966
396
33700
113500
1292
167
8030
110000
43
1142
1368
232
34960
81
30000
895
1672
21132
5305
20337
108846
2154
834300
10010000
59566
65600
10010000
4384
36906
1990
1010000
58000
786
198300
4475008
348998
2790
7282
102800
3292
238
7056
236864
10313
491
32800
32800
96196
17084
323
138778
160124086
48100
772000
247
8829
466000
14566000
15206
115444000
478000
417680
100000001
414000
1000001
304
1000001
100000001
1000000001
10000001
2027200
3621
709244
381200
21400
13900000000
100000001
42500
10010000
10010000
4050000
23222
1000001
2419000
5575
3463
356000
2260
29404
4794
5532
20440
1070000
2538200
31000
100000001
3001
17296
10010000
1000001
52130
17897
192000
5264
3636000
176716
618
537
1000001
734000
23934000
164380000
215832
39594000
1000001
110000
81200
307800
407
100000001
36762100
151200
356542
100000001
10640353.06666666657929454232
141400
992
2759
75700
50400
361
827
19298
696
100000001
32580010000
1000001
210200
1000001
100000001
330000
20054
1094000
90534
11474
24200
1301
7401144
2990300
71
17018
320
142200
2696000
57804000
13930000
1482000
737
371500
5923
2003
14769159040000
186
86100
11400
791000
100000000001
792
1656
1016772
1029
700
100001
365800
1780
848
1125
1550710
5288
5009
21963
333
12160000000
9382000
537200
16800
1772
4730800
125
93224
2681
5818000
2857000
1000001
104200
11730000
10000001
3835
9967200
326448
8244000
1090
795100
310100
23400
63463544
4004
540400000
104493280
7430
378000
17032
19394
248000
120
3760
56900
42210000
160232
626120
42210000
15436
1576886
120800
432000
10903
2711776
19878
89
1000001
174600
36158
1190
612100000000
6330000
1000001
1228
1050000
2204358400000
11225
16666
8511
11804
38200
24124
1000001
2370000
10000001
146010000
117321700
1000001
100000001
1514880
29816
2350000
249720
3204
1223680
4513
4062
36000
10805
1680000
1010000
4649
2786
199600
949
39065000
58928
330600
427406
7181416
378900
91158
458500
2300010000
2130906.666666666649234684882
16800000
2300010000
2310000
240000
35300
240000
35300
32070000
3216000
110000
390410000
77200
17392
154900
154900
120330
1676
141412
11142
5682
33694
1078
5299
7920
2301
1000001
1000001
3587000
73
203
1239
4352000
13917278
90000
18800
9862
93500
1000001
100010000
1042000
16967
1000001
12177620
2414380
738600
14466
64177000
2258400
118800
609524
27040
970
102
25716
3472
516000
3502
2065870
1971050
389280
18527
1000001
1000001
10000001
10000000001
103651054
10000001
119200
74
102702700
118
335400
53208
36792
67000
26200
219
22610800
135600
15090000
412000
690
4727200
23587
30100
43700
5847
2882290
24600
13194
60400000000
59302
703000000
100010000
25808
19164
15600
242010000
34200
4872
122
2518000
6509
24800
10000001
118500
166000
100000001
1000001
2066548000
4980
10010000
150400
1001
1084000000
113993800
572000
64200
1992
355
2708480
161600
113629924
597
7291
295076
561104
12090
63400
635
73200
72400
1258000
356600
128844
2538
3460010000.000000454747350886
20816
40056
100000001
97
11276
2388200
498
47400
740000
43
2561
832640
110000
1000001
826000
1000001
947200
713
4952
40162
424
23600
255
197400
384800
298900000
304756
751000
817
5
2441080000
2467
100000001
88990000
4773980
41000
227074
30592
1000000001
6049
813600
1042060
110000
43000
2969
126000
34360
15800
13505
316000
55400
1645
6789880
16989800
31450
31450
112300
26500
11502
161800
339978
15000
256334
333
26500
119300
2223
1430
414000
30200
1000001
20003
2003
100000001
355600000
207600
1474800
1000001
5288000
1000001
8022000
2109800
100000001
1000001
1000001
1609
163076
1000001
23970
10000001
10000001
21902
18242
614400
6044010000
10000001
100000001
415648
627
24454
93292
24454
75700
75700
9383825.498074073722818866372
17700
17700
17700
45178
506
2360600
842000
314000
1000001
3187
100000001
1119
10053
518400
27556
7006
799
601
271
64400
2927
2551
1055
1000010000
300100000000
15000
645
47730000
10644372
481500
13088
43440
1010000
30438
10000001
1000001
174632
738
185700
283834
35150000
110000
1000001
20000
41
1404810000
10000001
3600000100000000
441
11295
233320000
4030000000
75780
38226
138300
49
1967800000
5070000
372600
293800
100000001
1000000001
11055200
162
8830000
9873
934600
590
16634
544400
1266
31411216
1747
472796
1398388
877
170864
158400
222000
1996000
1010000
7784
100000001
13124
24200
314000
2201
740764
19592
2368000
13862670
247460
1000001
1000001
37970000
10000001
93
9626
200000
100000001
1010000
2510000
412
3698
15000
72304
165452
1010000
56000
3710
1710000
1251000
110000
100010000
24800
21400
765
139617100
10010000
1000000000001
9802
378000
26708
6270000
17546
168400
399796
2403
5652240
42000
13652
26600
49600
40264
170688
886
618
76732
13652
137156
25560
11100
8705
473122
27512
1202010000
92362
528000
260316
128500
740000
82
1070000
12
25900
854
36086140
1000000001
110000
341296
758772.2666666666605124191846
4927
10000001
110000
5597
162000
77
303
100000001
125648
30100000000
129928
7689600
8988000
11100
15000
50400
50400
53000
431
23600
102040000
13586
13586
5880000
81000
1000001
77600
35810000
10000000001
28353736000
354
3421
29400
48800
32700
5654
8366
15082
1010000
863952
74610000
1000001
334258
14740
214410000
100913770
17432
70046200
1000001
110000
250694
570000
66000
88218
709
93
13696
2214600
853184
1706400
1469
838000
1000001
880100
69928
248
193600
97470000
27800
17810000
372792
6636000
175297896
1000000001
100000001
416450
22531
6034010000
60350000
613400
3828100000000
387564
4409200
169200
1000001
12750
100000001
1000001
800
316
20494
2014
49512
244036
1000001
10000001
1486800
711010000
3149000
10010000
427956
2517736
427956
564
100042108
304
100000001
12317
3318
1379100
8772
1000000001
1000001
1000000001
208187500
6589
200800
4729
282200
14642
1372
5436
23159720
72410000
186
222000
16380
15664000
13748928
1031
1572
3444636
36082
15000
32770
23800
16900
16900
11028
2514000
1096
4448400
3309400
110000
5384
1000010000
1000001
79
3295000
4633
532080
2015
28942
98600010000
59300
20846
9491
10000001
100000001
67150000
1000001
209800000
15000
387118
380548
23307
2592010
1851320
10000001
10000001
1000001
110000
740000
17700
109870168
1000001
97
73
16000
740000
740000
10000001
100000001
100000001
3743950
474684
304
130800
3339
494
1000001
644730000
9801
40800
15715
1435600
253
554000
10000001
100000001
17279
8329
663
100000001
2958400
34024
186436000
240410000
130200
15876400
24050000
1000001
373
375
13455
777
76000
331
860848000
85200
5760000
547
1373
6077200
125440
18316
590000
2901
100000001
166566800
1297
317
10010000
38732
1000000000001
100000001
10000000001
2492000
118662400
35201
1000000001
10000001
2099
60200
707
4376000
10000001
10010000
16570000
145200
860344
256180
218320
221
9850000
114632
209180.7999999999983629095368
11593
1527
29140
151741
24815
21
1000001
2179
1000001
1543
562800
44831
1779154000
139
54044
109968
3530000
757
1016674000000
22375
10000001
843272
8284117600
4042000
4042000
2066028
222828159.9999999989904608810
8281
100000001
2818000
55465
918410000
8863
16581
10000001
100000001
898000
100000001
230600
27400
175
75560
1243
57894
32379
1447
24461
1359
3131000
17645
1920010000
10103
287200
92000
514900
633
33
10191
10000001
1066056
4609
1000001
3087
3443
11188
2981
44921
631808
22537
10000001
11100
38490000
22000
20158000
222800
398872
1987
15890000
14653477.33333333321297686780
4060000000
220010000
10000001
919
175163120
14970000
45328
1000000001
1000001
3685
27605
69
73
10010000
1000000001
1290000
1000001
984200
1000001
13945
4929
10001
10645
613800
2486000
3782000
34792869.33333333304744883208
37730000
5555
41275
430200
2744200
105141400
13582000
100000001
3615
3651
18600
1064010000
135600
20000
102589600
474764800
200003
19000
10487
2193000
21831
54242992
1010000
13030000
149536
2685
2375
37178000
909968
110711904
234840
81616
1250000
51935
317
100000001
31966000
593
189
1000001
10000001
100000001
9371
1752010000
1580010000
290000
137
1114000
129
5489
15012400
12410000
1000000001
100000001
5017
1125
16299
10000000001
41369
45900
63200
1568788
107500000
3946000
11139
338032
4915
884588
70324
43
9
878200
3000100000000
373
73400
15000
32429200
520400
12134
563800
22000
36800
507
1899
111
2003
3100000000
1000001
1000001
59800
13351
19
8753
1151
533
14610000
100000001
10000001
24400
16268010000
158284965.3333333320324527449
1764040
41284
86032
26410000
167
887
6102000
47600
15766559200
100000001
34991
13124
106960000
1255000
1680010000
11121
11691
28348
1000001
26200
64810000
1000001
2304696
22557104
100010000
15373
15201
1902000
10000001
15000
40489439999.99999966803443385
4891
6403105600
6323
482000
10000000001
10000001
1355600
511400
1000001
4050000
100000001
100000001
2003
1000001
120352
1000001
10000001
4437
10000001
68600
113
69600
42752
373600
19
526800
111
11100
51610000
479
1282000
29690
2209
4186000
4677500
26829
20597
510000
4006927
841000
13223
35000
15500
510000
15500
510000
1752010000
53
11413
22825
10000001
365
2315
17881280
10000001
11047600
5
99166
48407
34693
15500
2039
1000010000
478000
100000001
23918233600
10000001
1000001
11709600
110000
460600000
40228
1121
106600
15748800
117800
6675232
11935
255952
100000001
1133
812107
100000001
500010000
4050000
100000001
81190000
11200
64048000000
2810000
110000
3486526
1000001
3630000
56600
1600000000
649120
4787
1507
4323960
4350000
100000001
32700
30100
5815
100000001
23730000
2617
43749
1404010000
10246000
711
12311
63600
6570000
26148000
43343
17600
89200
695
197
7337
5531
100000000001
1095000
337274800
117744
351
1000001
1010000
4944800
25691
263
100000001
1000001
5925
2245
55600
32800
15016
1000001
1000001
21261
973900
4210000
25973
15009
369733024
335872000
5872784
642217600
143001691264
3383000
22463
273127240
609256
3654876
4866544
220753
430000
31000
1000001
730000
10000001
10000001
13501
125
10000001
30870000
402000
33
110000
72304
6901200
3813
2021
377
2194000
387
20788240
957
40902040000
21610000
255
771
48936
45000
378920
179
10667
727
5171
32361
11423
62140
3277
1118000
45981
2525280
5483
194000
510480
1001600
9917
543256000
101830000
11725
23384200
367600
10370000
7090000
1793
36769
124200
189
30240
727600
13442000
3461200
100000000001
1601
3229
791
1000000000001
72600
33760
232400
52064
10000001
2580880
29061
859
1178000
1.000000000000000000000000000E+30
34816
1000001
1265080000
10339
1289576
2817
14083
156720
198000
1000001
737
44330000
100000001
1000001
156200
100000001
2047
643
55320
25
15082
11100
17871520
100000001
847
111958000
6811
1487
28480000
15347
41050000
11100
5861
882000
272496
1383
51600
100000001
491
795
6235
60000
329730000
2775192
301
1100400
11135200
1651
81060
1000001
110000
110000
2890000
36224
8217200
10359
10000001
10000001
100000001
110000
7368400
175
583800
1983
1314000
5921
81800
78640
5923
1171
7134800
2003
31252
39600100000000
10298620
1000000000001
8592096
5435200000
9015952
389200
9356176
11100
4282000
51962400
1850000
110000
1251
13212
545
694864
10000001
49400
3667
36400
4677
21200
3119
485
39010000
4833
341
4395
18400
6569
3730000
9
3901
117
513400000000000
35793
22799
1647
85072
1000001
1000000001
100000001
100000001
26487
3845
1000001
40200
127
110000
1000001
600400
453130000
7157
3905
199008184
66410000
801
6650000
43200
1000001
47000
1000010000
192000
10000001
19133
36568400
3893880
2290000000
10010000
345570000
815552
10000001
3641
10000001
20422160
437
42480800
1000001
20098600
1072010000
1000000001
10000000001
11320
110000
10872400
235426
7301
86847295.99999999928627403278
15000
11
3400000000
10000000001
10000001
5208000
2232850
47460000
776500
2570110
100000001
2003
178630
110000
100000001
740000
1114
100011
16800000
10000001
363320
1470000
16791
170600
170600
9856
18251
30267040
9126
19346
7301
7301
18616
20000
17521
110000
14236
11316
73001
18616
12776
7301
7301
1918000
20441
194690
100000001
19174
156256
94480
10000001
100000001
1000000001
84700
115100
21890000
100000001
10221
100010000
242870
103800
7
18200
7301
3078600
216
323170
1000001
266960
10000001
14610000
260000
17156
51101
1000001
12776
10000001
10000001
110000
21171
50400
2547480
7301
18981
14966
9856
8031
170600
23726
170600
23361
13141
21171
12776
13506
491800
7301
25916
7301
7301
17886
14610000
57696
113532
10000000001
23530
1000001
1000001
100000001
253936
18250
86490000
100000001
37984
88276
304
50400
13871
1543000
15000
323170
1000001
100000001
5514
110000
15000
7301
1000001
10001
1360500
20003
339230
100000001
20003
19
14966
431654.5257283949758857488632
3076000
1000001
218780
10586
32130000
18410000
143893000
1470000
170600
22996
7301
27376
170600
12776
9856
170600
15696
20003
702250000
1470000
22800
13506
3710000
7301
7301
7301
110000
100000001
18981
3755
15000
100000001
100000001
4870000
16015.69333333333088376093656
10000001
810634.6666666665441880468280
2784000
100000001
1000001
740000
170600
248500000
740000
1543000
10000001
7301
1470000
1000001
12411
21171
178630
13141
2770.399999999999977262632456
130000
7301
7666
7301
170600
13649320
342000
170600
14601
10000001
7301
507860
16061
7301
20806
20076
675130000
100000001
1000001
1835000
479230.0799999999871943145990
10000001
283020
170600
2003
10010000
1010000
110000
10000001
1000001
740000
22266
10000001
100000001
2917
10000001
2627780
14603
16000
15800
15000
431654.5257283949758857488632
130000
12010000
23361
740000
170600
266960
7301
19346
21171
24091
19711
7666
100000001
8761
7301
281040
1470000
7301
68960
69664
1010000
170600
43080000
357
1981000
7301
20003
65616
52400
10000001
80928
145790800
1010000
12810000
31376
179216
13039
102617956
8010000
14664
10000001
5090000
10000001
19768
101851960
20120
3441666
485300
1996000
17304
1000001
58810000
100000001
15500
33890000
4530000
10000001
266960
443620
14603
1000001
250900
1210000
78000
2857000
20003
10586
1338600
20500
63
10000001
2003
10000001
14610000
995500
10010000
73
462800
401125000
31
2309500
14966
219010000
170600
170600
20003
16015.69333333333088376093656
43810000
130000
7301
254000
202720
11144
7301
45270000
20076
1000001
170600
170600
38326
10221
170600
33000
170600
18616
170600
8396
5860000000
71440
142000
342000
208176
14730
510000
66254
1000001
1000001
160348138840000000000
109600
10000001
21910000
16063
14236
186660
1000001
7666
10000001
5384656
995500
14610000
1470000
10000001
1000001
4895885380
283606
100000001
1010000
1000001
1000001
827600
283020
100000001
523920
15360010000
10000001
60400
15000
85
740000
170600
100000001
1000001
740000
835840000
11320
1000000001
807160
170600
170600
14603
10000001
14610000
289811
17886
282010000
732700
100000001
7301
170600
54044
13289
100000001
129
7301
80374000
9126
170600
170600
10586
7301
170600
170600
1847.266666666666651508421637
1000001
2419000
7301
130000
100000000001
100000001
23222
25210000
1000001
4539200
100000001
7470000
16094
80356
1000001
39502
1367200000
13010000
30810000
11719
13982
152450
10000001
12640
21110
3070000000
10000001
136632
100598950
1010000
35300
3046000
33400
11232
164572
100000001
1000001
9132010000
1799200
130000
1835000
170600
7301
16061
16426
50400
4308240
4536000
1659800
13141
7301
170600
146010000
22000
7301
18616
10000001
18185247.99999999985061549523
100000001
156400000
1477
127906000
229586
220156000
170600
1010000
10586
100000001
47400
274990
740000
32057000
7301
7301
5036780
234840
7301
922500
100010000
170600
64
15600
20441
14601
100000001
24100
1000001
5068900
14603
7301
1487520
30296
178630
170600
21536
73
105851
10586
11316
14236
7301
7301
15000
16600
7301
7301
170600
100000001
10930800
14601
170600
1470000
9354000
170600
10586
124
12010000
22000
10586
36200
10951
12776
12411
102213.3333333333325754210819
8031
2770.399999999999977262632456
170600
14603
21329.63999999999941792339087
7301
5210692
7301
7301
7301
7301
15200
100010000
170600
7301
15000
7301
7301
1000000001
10000000001
182854
304
25092
100933900
203424
100010000
10000001
11100
40800
1000001
100000001
36620
249778
145738000
106767640
313644
1000001
15011
193
6391
33210
1010000
635812
10000001
1000001
1713
12708000
25010000
1000001
2910000
19174
100000001
12090
2048080
12750
15896
131946
1000000001
32154
16996
169913800
2590621210
10000001
10000001
10000001
30064
17106
100000001
1654000
495100
11100
10000000001
100340560
100000001
15500
6270000
324468
16450000
100000001
100000001
118044400
112600
39800
36100
34
12411
16300
77
13871
40
15000
1010000
10010000
15000
20400
120000
15500
15600
66280
268600
134000
34570
3349756
1921300
141
27696
28400
62638
19500
13871
14603
67161
7301
89426
10000001
7301
11681
313408900000000
10000001
3076000
8478000
1000001
1000001
3230000
3849800
7301
71906
15696
1000001
101
1010000
2154.333333333333030168432742
34800
7301
3647590
1010000
182501
170600
740000
1000000001
27200
323140000
191626
42841.01777777777169831097126
206226
7076400
2654000
510000
14603
110000
90521
7301
12411
13141
1000000001
7301
54800
228856
1010000
24630
18410000
194000
170600
4390000
12411
11681
769200
231900
158155000
8529
2838
10000001
813000
170600
274846
1010000
956800
37700
1010000
100010000
38300
110000
10010000
224
34600
110000
15000
1010000
39700
955
1010000
29800
1313
11100
11100
17
15000
12
12411
14603
21536
11681
20806
7301
19711
7301
23361
7666
13871
17156
18981
19711
9491
15000
11681
7301
7301
10951
15000
20000
11316
11316
7301
20806
22996
7301
11681
7301
24091
101500000
9491
12411
306966
14603
313171
18990000
10586
316091
14603
18981
319741
120000
184010000
4141800
9491
16791
19346
7301
16000
7301
7301
18981
100010000
20441
7666
17521
17886
1951240000000000
56900
25800
136630000
20076
340911
14603
344561
18251
7301
170600
359526
23361
7301
10586
14236
19711
10221
160601
7301
22631
18981
7301
7301
13141
10586
22996
7301
1847.266666666666651508421637
110000
4538200000
100001
13871
8396
22996
12046
2237960
19346
2003
36100000000
293360
116673
304
32860000
353373800
234840
740000
740000
2419000
1000000001
248400
4244000
4244000
740000
50400
160960000
66600
49600
769200
142200
387152800
1000001
214000
1000001
12
