60710500
73
4969
10000000001
2
1731.000000000000227373675443
6
472
10000000001
100000001
595
3
38400
493
10000000001
506800
389
5
40410000
10000000001
10000000001
404010000
100010000
829
10000000001
1000000000001
1000001
12068
42200
14610000
2336010000
22000
10000000001
1847.266666666666651508421637
10000000001
1000000000001
430000000
100010000
10000000001
9823
10000000001
2590000
10000000001
53
20000
277410000
32
2194000
76594
11196
2185000000000000
884100
100000001
562400
10000000001
5768
22201
100000001
77000
722000
18478492
110000
14
10000000001
10000000001
10000000001
172720900
10000000001
6791248
1000010000
1000010000
10000001
15000
9491
10000000001
12411
10000000001
10000000001
10000000001
36092
100010000
10000000001
10000000001
348
10378000
970000
10000000001
37
228600
10000001
53766000
20208
110540
1000001
2426090800
172760500
10000001
1490610000
1522000
515951200
85600
5254000
10498000
928800010000
1096000
17074000
318800
4040010000
228
14872
10000001
828640000
224210000
20610120
10000000001
1000000001
403410000
1000000000001
882
10000000001
171810
344
14040000
8680000000
125
173790
10000001
1000000001
10000000001
4005
1934
328553800
1645200
10000000001
23641
20539
104230000
1000000001
10000000001
234840
1000000001
20521
6293
10000000001
10000000001
278969824
512
2408
1530492760000
10000000001
1344000
130000
148758160
10010000
4918000000
100000001
64900000000
10000000001
10000000001
142410000
394700
29800
7921000000000000
10001
806
10000000001
10000000001
2041
283020
17450000
1754000
170600
50416500
3155734000
934
15246
268400
318
13542
169
10000000001
3400000000
4215210000
10000000001
10000001
1000010000
1470000
100000000001
2388000
2450000
2139
304
405976
618000
2946400
30000000000100000000
1000001
10000000001
1555
246
20296
933000
5552
2118000
100000001
15000
2326952
15000
523300
10000000001
31980010000
265000
10000000001
8788
1000001
1010000
10000000001
100001
300100000000
1000000001
1000000000000001
405
1000000000001
10000000001
10000000001
5200010000
10000000001
3723010000
100000001
10000000001
10000000001
10000000001
10000000001
6436000000
100000001
1000000001
6090000
34061
1000010000
10000000001
1000010000
1000001
399
10000000001
2424124240000
10000000001
10000000001
10000000001
10000000001
2161
5662000
10000001
100000001
100000001
10000000001
10000000001
10000000001
10000000001
10000000001
10000000001
10000000001
10000000001
10000000000001
10000000001
10000000001
3100000000
10000000001
2299530000
10000000001
100000001
100000001
10000000001
10000000001
3000000100000000
10000000001
3000000100000000
10000000001
164689600000
199981000
10000000001
10000000001
10000000001
78010000
4204000
10000000001
10000000001
100000000001
10000000001
369
100000001
102213.3333333333325754210819
985500100000000
10000000001
1000000000001
1000000000000001
10000000001
552000100000000
10000000001
10000000001
1000000000000001
10000000010000
20000
10000000001
1000001
10000000001
10000000001
3564010000
100000001
110000
100000000001
13871
10000000001
210750
17000
2127000
1000001
2044010000
15000
20000
4
10000000001
3059
10000000001
15792
14603
1000001
17521
100000000000001
2168
1000000000001
10000001
1000000000001
42300.23404255319474032148719
1000001
100000001
10000000001
148180000
10000000001
10000000001
4470000
100000001
10000000001
10000000001
101024386
10000000001
10000000001
1000001
110000
10000000001
10000000001
1000010000
10000000001
10000000001
10000000001
48210000
457700
17684784
100000001
10000000001
10000000001
100000001
10000000001
170600
1000001
73
2003
10000000001
100000001
10000000001
10000001
10000000001
10000000001
100000001
1000000000001
10000000001
10000000001
73
10001
1000010000
7035
10000000001
136670
15512
884
1010000
10000000001
1000010000
10000000001
5255
117338
24212
10670
20000
2860
110000
31600
10000000001
1856
10010000
1000000001
20800000010000
20810000
8
608010000
1000001
10000001
104200
57100
25930000.00000000454747350886
27167
21200
113
5401000
599936500
10000000001
100000001
4833
131
119500
178000
253264
110000
25
1250128000
10000000001
1000010000
10000000001
10000000001
100000001
100000001
10000000001
10000000001
10000000001
1000000000000001
224676
19516010000
10000000001
10000000001
13212
10000000001
3120010000
79400
378100
1010000
6746
19812
1139072
4049074000000
202960000
10000000001
100000001
17700
65914400
4515
2970000
94502
10000000001
10000000001
100000001
10000000001
10000000001
10000000001
10000000001
10000000001
10010000
1010000
10000000001
10000000001
10000000001
10000000001
100000001
10454
366300
1377
71
967760
100000001
10000001
10000001
14610000
10000000001
10000000001
235900000
10000000001
10000000001
10000000001
10000000001
10000000001
10000000001
10000001
100000001
10000000001
91608
50400
17120000
142900000000
42114032104000000
10000000001
10000000001
10403
326000
23090000
16248
285
693698248
10000000001
22960
31600
12376
10010000
104600
23
1131
10000001
412610000
15000
22500
7501000000000000
48323398
1237900
103345000
110000
41
144
467210000
12031
399
94
269
1492
21803248
40822
6129
153352
1000001
10001
469300
511028
10321294.93333333324858358537
1000000001
10000001
3498810000
17495
1287500
1460010000
10000000001
10000000001
661200
790
10000000001
3146000
774
3157
1000000001
464400
2003
11088000
1096590
277
539
100001
3148
26724000
166000
112176
63900
1311
100000001
42
100000001
461
8295
101900600
3003000
206
67
503
100000001
3050000
100000001
922500
44
10000000001
10000000001
358
198115.1999999999984538590070
4210000
10000000001
4490000
7317070
14624140
736000
68010680
3000100000000
316400
10937254
30866000
1010000
1690
10870000
103300000
1626340000000
103372600
18
36945
1000000001
7007
22000000000
1502800
1859
10000001
45797
10554
1560010000
14994
715610000
100000001
138600
112870000
100000001
165000
3859
25468000
501400
136630
316
378000
329986240000
102213.3333333333325754210819
8764000
8764000
1500500
1000010000
10000000001
10000000001
10000000001
10000000001
1000010000
259600000
285100000
118010000
1000001
740000
41600
105776
857
10010000
15726
497
248
3719
2000003
1000001
3100000000
1000000001
100000001
1000001
1000001
6133
10000001
10000000001
10000000001
65760010000
68875880
1000000001
9062
337210000
178344
13533
135912100
110470000
2493
430000000
25610000
2301
16898
1000000001
17950000
1689076000
4772010000
1379850400
117482
1634798.933333333319978919462
176200010000
98100
643610000
43572
95800
1656410000
10000000001
10000000001
10000000001
3600720
100000001
100000001
110000
740000
387
1665
325
229
109900000000
10000001
100000001
10000001
10000000001
10000000001
1433200000
100000001
10000000001
10000000001
1621
10000000001
10000000001
10000000000000000001
10000000001
10000000001
10000000001
100000001
100000001
100000001
1104553000
97
2535
10000000000000000001
100000000000001
10000000000001
1000001
2067210000
177880000
124770000
94840010000
228400
125380000
10000000001
3258360
170275200
9900000010000
55862000
978000
21154
152600
1427
102250000
21210000
116700
165876
12492
4060000000
100000001
10001
3517
198810000
46175200
1000010000
42300
2000003
162010000
1247200
5801
596
5
531
12728
16100
55452
1000001
697
5207600
618608
10000000001
10000000001
10000000001
5
10000000001
100000001
10000001
1000001
1000000000000001
100000001
10000000001
1000010000
10000000001
100000001
445
28468
593198
19400
100000001
10000001
825070
54900
4050000
140260000
3121
10000000001
100000001
100000001
100000000000000000001
10000000001
10000000001
10000000001
10000000001
10000000001
10000001
1000000001
10000000001
708800
100010000
7304
1420
318130000
59800
1000000001
26333800
1000001
89000
10000000001
21200
113
5370000
341342
558590
4039600
1000000000001
1682000
515500
14479
5267
373814
16538
294000
1259800
89024
664192
10000000001
1000000001
4800010000
10000000001
130000000
210814000
37873
20003
1407600
1645200
10000000001
10000000001
100000001
2044010000
7020
21
32000
43470000
5300000
198000
10000000001
100001
109780000
31282000
10000000001
130000000
100000001
60809010000
19720000
10000001
2127000
10679
21606
114220000
272000
1000001
10000000001
1000001
12010000
1000001
306400
8516010000
53710000
11302
151100
3067636000
21770000
100000001
535300
2583
87100
58290000
17692400
24410000
42600
10000000001
26400100000000
2640100000000
1742658400000
295
74
2796912
291248
10010000
15000
19
15000
234000
100000001
4997
20000
875
142
10000001
4050000
1440010000
6475
1000001
52400
2879100
2750
118112320
141824
1597
714
10000000001
10000000001
10000000001
163300
10000000001
192010000
116000
10010000
10000000001
1154000
507244
22603
10000001
10000000001
38010871000
1000001
471
142000
10472
372600
238800
2133132
685600
19586000
1027
1001
2865
104500
322120
1200010000
1000010000
107980
102213.3333333333325754210819
422200
294210000
490184500
172810000
10000001
2000003
10000000001
1010000
16236
17
862000
7499
100000001
1010000
10001
10000000001
106559340
12692000010000
6347
6181
100000000001
175000
106010000
1716
100000000000000000001
10000000001
10000000001
10000000001
10000000001
10000000001
10000000001
1000001
7000000000000
677033200
10000000001
100000001
100000001
1804410000
1000001
10000001
10000000001
2043123647104
10000000001
10000001
167047288
200000003
100000001
105568105468
33100000000
188600
100000001
5089495000
4689
26759
1187352
5094000
2543
10000000001
128795705884000
86377064
1055100
285100000000
1943
191400
10000000001
10000000001
100000000000001
10000000001
1000001
400000000
10225
11539
760800
10000000001
24900
2138880
3004
1000000001
1000001
10000000001
340782400
1762000
877
110000
74834
10000000001
452600000000010000
1510000000
29610000
25010000
1020
54100
413
49600
10000000001
10000000001
1000000001
2127000
3149000
120900
28546
43175352.57283949758857488632
229824
304
130127680
10000000001
10000000001
10000000001
10000000001
100000000000000000001
616000
4190210000
204000000010000
107549080
238760
1000001
300100000000
10000000001
557
90
100000001
138200
1017
2033
8706770
10010000
10010000
1986000
1000001
40410000
25000000000000000
2185000000000000
10000000001
1000001
4574
1684000
8884000
330000100000000
10000000001
100000001
10000000001
181600
1000000001
10000000001
1000000001
10000001
10000000000000001
5886000
852100000000
10000000001
17230
5988610000
29944
82810000
732844
234000
100000001
10000000000001
10000000001
10000000001
1000001
7921000000000000
100000001
479
1010000
344900
100010000
100010000
100000001
169
54
498737500
290000
29800
14356
8742
100000001
10000001
10000001
1000001
110000
1742
306976
7988
1615
100000001
1230000
10000001
1000000001
7921000000000000
100000001
10000001
63770000
38729800000000000
304
13899
9447820
4678934800
220496
10000000001
10000000001
10000000001
10000000001
10000000001
10000000001
10000000001
100000001
10000001
1556000
100000001
10000000001
19801
18400010000
1220010000
51040000000
4475620000
3721
33852
3073102000
431000
100000001
1407
10000001
1716000
722000
1000001
10000000001
576000
6027984
1216000000
807600
1000001
578000
10000000001
94600000000
357800
50150000
10000001
1585
136200
95316
2044010000
10000000001
10000000001
3100000000
10000000001
10000000001
10000000001
10000000001
1000001
138400000
30000100000000
6498000
14291210000
71457
10000001
158
120004
86
447600
100000001
1000000001
1430000
5631000
745
146410000
290760100000000
1242
296334
50610000
258776
26147
14213258.98666666449389595073
32642000
7887304000000000
6111
10000000001
5864
8546
202900
84900
635
10000000001
552000100000000
2180010000
228000
5472200
20516
105600
10000000001
1401514996
100000001
10000000001
10000000001
10000000001
100000001
1000000000000001
1200010000
10000000001
375
1370
20043880000
1000000001
10000000001
1731.000000000000227373675443
2949
8342400100000000
9460000000
10000000001
8400
13248
1700420800000000
9158000
1823
10515
121200100000000
6610000
2984010000
10000000001
10000000001
10000000001
10000010000
10000000001
1000000000000001
1000000000000001
100000001
10000000001
10000000001
33810000
10010000
62210000
31410400000
2308468
10000000001
9460000000
10000000001
100000001
7171
101010000
2211800
3034
11
98000
10010000
1030012600
365
35800
30100000000
10000000001
200003
64824
603900
437600
2002900
309968
20003
10000000001
1000000001
6510000
142600000
206010000
44610000
233000
10000001
21900100000000
10010000
1000000000000001
1000000000000001
106
1000001
633
12574
300000100000000
1000010000
10000000001
10000000001
10000000001
100000001
1000000000001
100001
1000001
73000000000000
588400000
18677
9861
10000001
1000000001
100000001
12820010000
1000000001
10000001
1703567360
172295.4666666666653327411041
907336
100000001
10000001
6710000
100000001
314401000
1231
96
25564
6390200
110000
403410000
14268
195
2358000
134124
12750
9480
1169
19024
171200
106
3224000
1020116200000
15000
383050000
26291
245000
132360
1000000001
16084000
1000001
388
330000100000000
447
100000001
16030000
398
18000
81
7000000000000
181600
642
65418
10000000001
10000000001
10000000001
111970000
100000000000000000001
10000000001
10000000001
100001
10000000001
1000000000000001
10000000001
2543
52453
100000001
10000000001
246
100010000
71720000010000
4377408
10486
618
3048565484944
23520
10000000001
100000001
4796010000
110000
418
6001000000000000
10000000001
727100
100000000000000000001
24500
285835144
555
118824
167617000000000000
11143960
279
4870000
34300
451386
1657486000
1657486000
255748600
1978
73
10000001
30200
203
93500
677200
2062
902000
681
5.037000000000000000000010000E+31
10000001
1000001
866000
16340000
5141080000
8039
81610000
1000001
5134
2169800
2805410000
2805410000
10675
1369
61090000
43000
1000001
833210000
414000
10000000001
10000000001
10000000001
100000001
481800100000000
25
100000001
612000000010000
10000000001
529
300000100000000
100000000010000
1000000000000001
1000000000000001
10010000
10000000001
287
613
10000001
10010000
49259411200000000000000000
26100
10000000001
158010000
704600
77188
20600
856336
1049200
18536
331
10000000001
940800
110000
9309
1000000000001
53600
1000001
1000001
10728
313776
11088
1000000001
31540140.31170370252220891416
12
10010000
21680010000
216810000
2178000
614000
140
41
1507800
10010000
744648400
1010000
100000001
100000000001
104057.5999999999992269295035
3030000
248464.0000000000418367562816
1000000001
25010000
100000001
1000010000
1000000001
10000001
10000000001
100000001
2003
175900000000
25730
1000000000000001
457
43076666.66666666060336865484
1010000
10000001
100000001
10000001
1010000
17362010000
108600
25655
6166
15000
37
740000
100000001
10000000001
100000000000000000001
10000000001
29908000000000
110000
100000001
481800100000000
28543000010000
486
12
1.000000000000000000000000000E+28
10000000001
10000000001
10000000001
10000000001
10000000001
10000000001
1000010000
10000000001
10000000001
10000000001
1000000001
1000000001
10000000001
10000000001
1000001
10000000001
10000000001
3457.000000000000454747350886
10000000001
10000000001
1000010000
10000000001
10000000001
10000000001
5520010000
1000010000
10000000001
100000001
10000000001
10000000001
10000000001
8718010000
10000000001
10000000001
10000000001
3400000000
1200010000
10000000001
10000000001
10000000001
10000000001
10000000001
10000000001
10000000001
80000
31000
10000000001
24400
100000001
3204128800
10001
10000000001
37221280000
1000010000
300100000000
29712
86282000
10000000001
746200
131818800
2263010000
10000000001
10000000001
10000000001
10000000001
35690000
10000000001
81674127.99999999932879291010
10000000001
10000000001
10000000001
2619000
10000000001
100000001
1000000000000000000000001
10000000001
10000000001
832000000
100000001
10000001
10000000001
46718
15807
1000010000
10000000001
36800010000
36800010000
11188
31651201000000000000
630354880000000
1509200
10000000001
10000000001
2983
10000000001
10000000001
100000001
997
10000000001
10000000001
10000000001
10000000001
10000000001
10000000001
10000000001
10000000001
10000000001
47130000
27972464
931902400
12090000
224200000000
26016
90080
126426664
10000000001
10000000001
10000000001
553
1210000
10000000001
1665200
10000000001
4306676666.666666060336865484
10000000001
9340000000
419440000
10000000001
199880438.1866666360911040101
10000000001
10000000001
17689140.26666666652135972981
10000000001
1000001
10000000001
1000000001
10000000001
33795
186200
10000000001
10000000001
666656
1000000001
93200
100000001
100000000000001
1000000001
12881
12
15496630000
10000000001
10000000001
10000000001
4831600
4831600
960000100000000
10000000001
4800010000
10000000001
10000000001
10000000001
100000001
100000000000000000001
3000000100000000
5956000000
25400
572010000
10000000001
10000000001
1000010000
100000001
810000
1852800
10000000001
98880000000010000
10000000001
10000000001
100000001
10000000001
10000000001
10000000001
10000000001
10000000001
10000000001
10000000001
124090000
3120010000
10000000001
10000000001
10000000001
4000004010000
2612200
89000
1010000
73010000
46963600
19130000
2190010000
3400000000
108000000010000
10000000001
10000000001
10000000001
47281
75745
100000001
335740
43211
9281
11100
240692
33371200000
215805200
35374800
10000000000000001
10010000
4465700800000000
27600
250246260
1318200
27600
270400000000
300000000000100000000
23000
2757136
38280100000000
100000001
1000000001
10000000001
1000000001
10000000001
1000010000
1658800
3771
100000001
6436000000
10000000001
2969
22800
266000
10000000001
10000000001
100000001
564937000
51009
10000000001
10000000001
10000000001
10000000001
10000000001
100000001
100000001
10000000001
10000000001
10000000001
5528010000
7086100000
10010000
100000001
8820010000
10000000001
10000000001
10000000001
10000000001
10000000001
1200010000
10000000001
1274800000
20010000
10000000001
1000000001
1000000000000000001
1708966216
10000000001
10000000001
10000000001
10000000001
100000001
100000001
10000000001
105601000000000000
10000000001
14010000
65552257792000
127655952
10000000001
570000
4477870000
10000000001
3000000100000000
3000000100000000
3000000100000000
213720
10000000001
10000000001
100000000001
10000000001
169808
1024000
34200
10000000001
10000000001
1000000000000001
10000000001
10000000001
85360
10000000001
10000001
10000000001
20003
10000000001
1000010000
20003
8880100000000
10000000000000001
10000000001
27569
10285
20569
41137
100000001
1000001
1010000
3947
3000100000000
10000000001
10000001
22100
10000000001
10000000001
10000000001
10000000001
10000000001
10000000001
100000001
10000000000001
1000000000001
1000010000
10000000001
100000001
13784000000010000
1378400000000000010000
10000000000000001
10000000001
35157
68810000
428010000
10000000001
10000000001
4800010000
52410000
10000000001
10000001
10000000001
1000001
10000000001
16880000010000
19721
4640010000
1898010000
1200010000
534700000000
84370000
273
3382678346435200000
96241062400000
10000000001
791
1840010000
219010000
10000000001
30000000100000000
144000
10000000001
10000000001
8128010000
10000000000000001
100000000000000000001
100000001
1000000001
10000001
194423600
20971
226800
10000001
10000000001
10000000001
289
100000001
69458000
191600
1840010000
10000000001
10000000001
48617488
10000000001
74400
1185
127200010000
1994000010000
5907
1500100000000
22056
549
10000000001
10000000001
100000001
10000000001
180006784
100000001
10000000001
1000000001
10000000001
1012546388800
10000000001
10000000001
10000000001
1.000000000000000000000000000E+32
10000000001
100000001
10000000001
10000000001
10000000001
1516000000
10000000001
10000001
10000000001
430000000
430000000
19210000
8072800000
10000000001
3680010000
10000000001
10000000001
100000001
1000000000000001
3.000000000000000000010000000E+28
10000000001
10000000001
10000000001
128600
110000
170600
1470000
11
1000000000000001
10000000001
1000000000000001
287416000000000
4974765.866666666625860671048
1114
1000000000000001
1000000000000001
1000000000000001
3400000000
110000
2127000
447736000000
20003
10000000001
10000000001
10000000001
100000000000000000001
100000001
10000000001
10000000001
100000001
10000000001
10000000001
1000001
360000100000000
2424010000
10000000001
4234010000
10000000001
10000000001
121200100000000
919060000
1000000001
35707000
60600100000000
315140
609920133.3333332474649068900
300000100000000
43289000010000
100000001
10000000001
10000000001
10000000001
1.000000000000000000000000000E+32
10000000001
1000000000000001
10000000001
10000000001
1000000000000001
3400000000
2989200
10000000001
1840010000
41710000000
315140
13871
626340100000000
35600
2770.399999999999977262632456
14236
616120000010000
10000000001
100000001
1000001
1000001
404010000
10000000001
150000100000000
64473700000000
104550700000000
10000000001
10000001
100000001
481800100000000
133320100000000
146000000010000
1000000000000001
100000000001
100000000001
10000000001
10000000001
10000000001
10000000001
10000000001
10000000001
10000000001
130000
60819000
49010000
10000001
15000
10000001
10000001
130000
4039600
300000100000000
242870
33000000100000000
10000000001
10000000001
10000000001
10000000001
3780000
10000000001
80010000
1000000000000001
421480000000000
388131365394.8302567005157470
233600000010000
438000000010000
11364
1010000
110000
1000000000000001
37970000
4316666.666666666060336865484
740000
323368
100000001
1000000000000001
1762000
1000001
100000000000001
94800
17150
10000000001
1000001
1000000000000001
191800000000000
438000100000000
10000000001
219000100000000
1000000000000001
10000000001
10000000001
10000000001
10000000001
10000000001
10000000001
330000100000000
29530000
1000000000000001
258930
10000000001
1000000000000001
1000000000000001
740000
145645599.9999999996248334355
102213.3333333333325754210819
2154.333333333333030168432742
1000001
9856
10010000
3742756000000
139330000
2273000
410400
1000010000
1000010000
360614
2123
858000
5248000000
10000000001
14610000
300000100000000
525600100000000
591300100000000
10000000001
3088010000
1200010000
10000000001
1000001
10000001
339230
1000001
300000100000000
100000000010000
133825
10000001
15100000000
21518000010000
100000001
186660
304765000
14610000
12776
7301
1000001
10000000001
10000000001
10000000001
10000000001
10000001
1000000001
10000000001
1000001
10188
300000100000000
3000000100000000
300000100000000
10000000001
10000000001
2419000
7301
4780000000
10000000001
170600
985
11681
110000
22640000
10000000010000
170600
15696
3366600
16784
127
234114
29039008
300000100000000
9491
1200000010000
24430000
10586
7301
21
170600
6557
3881
10000000001
10000000001
116735200000000
1582425824
10000000001
826000000
172624
100000001
100000001
10000000001
1000000000000001
49499080000000000
4050000
48576100000000
10000000001
1151121
10000000001
10000000001
1.000000000000000000000000000E+32
1579500
15000
109
4852000000
20712
400410000
7301
7301
2997160
48180100000000
69
1993619035495000000000
1993619035495000000000
3083232
3.000000000000000000000010000E+31
10000000001
20000
18410000
184010000
18410000
18410000
10000000001
100000001
100000001
1000000000001
11681
757
100010000
851
1000010000
34
10010000
1019800
115000000
15000
100010000
40
12
23726
8031
189800010000
7301
404010000
303681
304776
1196
7301
4752
15000000100000000
194626.6666666666651508421637
10000000001
3269920
210854656.0000000388972694054
10000000001
10000000001
10000000001
468000100000000
121200100000000
10000000001
10000000001
8633080514.567899517714977264
1000000000000001
17530000
10586
740000
438000100000000
2127000
121200100000000
160610000
146010000
7301
11316
1000000000000001
29
1010000
1000000000000001
219010000
7301
14410000
25930000.00000000454747350886
1.000000000000000000000000000E+29
100000001
100000001
300000000000000000100000000
3000100000000
1000000010000
3000100000000
1.000000000000000000000000000E+30
100000001
1000000001
403872400000000
