2
6
755
9
7826
275
248
4
12
10
179
48
1563
13
568
613
3
1000001
184
3645
2906
10000001
484
41
274
82
5030
303
492
73
22
73
473210
870
1037
685
1000001
3240
6481
134
182
7839
329
420
398
81
10748
1050
5
7645
8747
381
7
12
57
6566
8042
18280
576
48466010000
1051
41200
2315000
17
115
566
10000000001
5995
12600
4446
1000000001
100000000001
21
86900
58140
8032
405
416
3387
639
301
18987
5505
1288
11100
10000001
220
307
13895
596
31
141
221
4226
62382
358568
6
268
612
875
546
3625
1064000
2432010000
862000
1820
475
382
24800
590380000
238
1790
174730000
482
5540
25
162410000
11
97
7
30
14603
250900
304
73
1225
28650
1000001
2951400
4718800000
15390000
1560
66630000
482010000
117
84
159
8001
119749840
22379260
182000
3955
1000001
829
100000001
1457200
289000
6067
55
14414
1000001
27798000
161632
1016192440000
9922
9211
12041
225
565290000
300100000000
263
100000001
645866
1565
317
281
10000001
1070
306
392400
28832
4
1010000
5866
16043
2913
100000001
404000
198
292010000
517
501
1348000000
1000001
200
14189
784
13765
223
615
19409
265002
998200
13938
1000000001
760
15000
3
754010000
3
1000001
1262010000
130800
38
1000001
400000000
1592000
37
11330000
26043
1000001
100000001
28810
1330000
973600
1460
5372
58370000
140812
1000001
100000000001
217000
2388010000
734
146
57610957600000
20000
219010000
993
5203
6662
108
722
59016
2890
4567
1266
27160
19
39
10360000010000
123
22341
875
40600
1147255388800
116736
364
93800
100000001
653
40410000
5951628
339736
3446598
1647
20410000
20200
52930000
190782
444
10000001
24225
5376
25532
123210000
10000000000000001
3100000000
100000001
33100000000
434000
28687
523
2185400
254
1000001
136
21648
256000000
9096
19292
3370000
493
1000001
260000
464586
100000001
2422
304
9085
502000
631882180
22816000000
11104
381
7401200
323800
732844
100000001
563
555632830
214300
1970010000
1000000001
100000001
10808
7920
2048
1353
4901
3348
2208
653
111
982000
18
208
10000000001
31
479216
36862
187210000
2226
100000001
10000000001
537
1731374800
559
14994
715
226300000010000
53800010000
442
64000
47400100000000
27511
3097
183000
100000001
100000001
3797
598810000
16666
3034
172
15002000
3689
20208
305878
4971
2967920
1065
14610000
330010000
12220000000
896
10000001
3924000
496
47158000
149
50400
195
2346
22778299000
1000001
426416
24003
6987
246
1600010000
3448
19169
114300
107
4057
100000001
10705
10000000001
7264000
7254010000
1186525600
156
123400
1000001
10000001
4647400
520114
75830000
672
3806000
20003
8530000
45167800
15077200
67
21235
109300
5041000000
124810000
2561
817
25540
4361600
14610000
1000001
611
92330000
10000001
331552
865.0000000000001136868377216
20810
23260000000
331600000
27683
1266
2008000000
35230000
99
412
33200010000
234000
229010
8850
29760
29424000
20299
26044
53868
969400
3315
1732
456
588000
52200
212
966600
186
22508
1740810000
41620000
5650
1000001
1000001
4832
494
3188800
2160010000
2978000
8380000000
8260000000
100000001
22300000000
2242000
10000000010000
414000
79200100000000
1000001
72400
305200
1000001
1000001
65
31400000
10000001
73
810634.6666666665441880468280
22640000
322000
13141
100000000001
1000001
257
28421600
405
20
102213.3333333333325754210819
230086000
1000001
17521
27750000
464416000
234840
14610000
7301
194690
7301
845120
1470000
1470000
3858
405
10000001
740000
73
24100000
7666
23
11276
45270000
12046
32860000
43810000
12411
13871
17156
740000
17521
122577000
304
24684000
7301
212796
7301
43092069.33333333297923672944
13141
13506
7301
156010000
7301
7301
31
25504
23361
774100000000
12046
10586
20000
14204
69
13141
13506
14236
270466
283971
8
13506
10000000001
28
1116614080000
18616
18616
11316
2450
224111
12
740000
19720000
35041
223930000
25373780200000
10692100000000
100001
73
206500
58
10000001
1000001
10000001
3126000
571638
100000010000
1010000
71600
1000001
57630
1000000001
1000000001
10010000
832466800
2581631350
197300
28400
4170000
13610000
632000
7130000
12830486
1000001
1000001
10000001
2624010000
30800
10000001
265420000000
1000001
110000
5576400
80300
7946
100000001
56800
443380000000000
367900000000
1000001
17694
10000001
10010000
6340000000
1000001
4050000
5434000
100000001
51281200000
2862160000
10000001
49737600
304
100010000
32900
110000
318000100000000
936100000000
514900000000
1000000001
85210000
1000010000
1000001
26000010000
1000001
10000001
1000001
270470000
3960100000000
28800
20000
100000001
10000001
390000
386000
1000001
164400
643486000
522900
1000001
14610000
10000001
10000001
20000
81632
1000000000001
468000100000000
1000001
10849320
1000001
14476560
51200010000
5120000010000
5974000
148840000
1000001
236200000000
34728800
20918
1000001
10000001
18410000
8207
6873
100000001
2770000
3129
352120000
21213980
50410000
164660
1470000
26010000
73
100010000
3010300
10000001
100010000
2310761
100000001
4690000
50400
175610000
100000001
1000010000
10000000001
100001
5525
53499290
76714000
1000001
3271600
1010000
1600000000
1000000010000
3490000000
441206
1000000001
654000
3708
6857
6423780
390646
176
5934400000
100010000
2898010000
2198560
2764000
333000
722
740000
308146
10810000
364
2389800
108010000
59500
166
100000001
93200
100000001
756040000
189745600
9823
10000001
95932
7346
190990000
10000001
10000000000001
119500000
89500000000
1480
113748400
8267536
3323
105800
10000001
15252400000
250150000
45992
38960000000010000
11390000
100010000
100010000
13476
294000
2003
1000001
551410000
10023
10000001
3696100000000
148840000
939203200
105502000000
404010000
13060000000
47884000000
482896000000000
3580000010000
1832220
3022354000
368000
35800010000
35800010000
485566000
1000001
122410000
397503760
14715
10000001
411700000000
100000001
1000001
1280
10010000
48959440000
687840
154652224
1507
95448
10000000001
113500
281770000
100000001
950000
1000001
53600
100000001
18021
159200
4000000000
3272
100521400
100000001
51920000010000
58370000
10000001
10000001
256600
13141917064
18650
1000010000
298434000
35036
16624800
43130000
2522010000
10000001
1165476610
642
597120
1413244
100000001
238
8390000
8390000
763000
34214860000
98550000
1651592
5229
193446000100000000
1000001
2728
2428
810
4250
30100000000
1000001
829600
10500000
10000001
3300100000000
1266010000
89587018000
10000001
1000001
157
10010000
10000000001
598
10000000001
723280000
100000000001
1000001
10010000
10000001
1000000000000001
1000001
10000000000001
13334000
29274
6506000
1857700000
9484
15151
4332
585810000
2070000010000
852100000000
4506415000
46200000100000000
2374
9553
262065400
17950
110000
100000001
176029600000
2604908800000
4984000000
100000001
110500000000
10000001
1000000001
1000000001
10000001
100001
1000000001
262400
4618
38236
1000001
1000001
4835
74790
394840000
2128237120
12409000000000000
35426262400
146370000
245285836000
1000000000
600136000
612472
16874
10000000001
1000000001
15768010000
1000001
130000000
100000001
386000
5203
10000010000
21028
5469280
3966000
561034000000
936000100000000
4648200010000
285880
166400
959
373800
28545
100000001
210
1010000
194000
102334
55080000100000000
959000
161020010000
2457504
576258
118000
47480000010000
1599400
4450000
1550000
2030000
1010000
834824
10010000
10000010000
10010000
1010000
1600000000
330100000000
144700000
768890800
39634400
108010000
308000
636992
2990000
774000
61952
1129
1010000
3078000
582000
2795
1000000001
40396000000
10000000001
1000001
6170000
82006
770000
117991600
2003
100000001
29572
10000001
1857600
1000001
146010000
100000001
1000001
1000000000001
10000000001
10000001
1330000
1000001
100010000
1000010000
768284
1000001
100000001
8837216
10950
4696010000
10000000001
566
1850000
968000010000
3280010000
100000001
904600
208704
21067
400000000
8734780000
3423358
301800000010000
45434000
97200
1000000001
304500
3538
100000001
6087200
46900000000
10000001
379
350663200
141600
100010000
2123560000
1789
3269
298600
67720
88300
2379
1158400000000
4134880
10010000
1000000001
29082000
100000001
100000001
1768500
80010000
2233100
11410000
100000000001
20810000
6367922560000
4265200
100000001
423952
144741400
657100
156510000
156510000
362886550
15660000
10000001
130000000
4984000000
314010000
442512
432410000
660800
327813586
3370000
33610000
328630000
22635
3000000100000000
10000001
100010000
10000000000001
2630800000
181171000
14600000010000
100000001
14475
14800010000
14810000
1490000
17400
17103659320
122200000
70967150200
5951628
220934944
14810000
4951552
45807598
14810000
10304900
9657792
105460
14800010000
6981118
148010000
11628
8820010000
1200000010000
843008
127120000000
2454
100000001
11
661
10000001
10000001
1000001
100010000
20800
20800
20800
14600000010000
100000000000001
1090
31914000
24894
254470000
100000001
20517544
1486000
2003
728000
3607401
49513840000
1330960
487928
40450000
10000001
1000001
186000
4000410000
25705748
2003
1000000001
100000001
1117963648
10000000000000001
170600
280000000
104620000
10212
153
1000001
886
510
84210000
148930
9752
100000001
154
3665800
358480000
8405000
5141
436
456298900000
135070
112610000
1678732
11270000
20000
1010000
27
237452
13168
340851400
1136000
1136000
22563700000
6838064
605960
748010000
1136000
9958456000000
4063060000
70
390000
1000000000001
3910000
10000010000
10000010000
70900000000
1574704000000
532
1354000
14610000
21752
104932000
4842
733600
3619
83885860000000
20170000
6972
1153174408
255200
42
509200
2022575800
100001
338000010000
10000001
5402714
92810000
100000001
10000000000000001
87452020
100000001
53732800000
846000
155156
1000001
3324640000
103670000
1000001
10000001
7257700000000
58324010000
3378100000000
77500000000
61180010000
39880000010000
47852000
1333200100000000
5248000000
320350000000
10000000001
14148000
2228000
1000001
409996000
2890360000
12334000000
576100000000
106316200
4076
1630400
5559162400000
1361944000000000
15375872
15000
696000
16570000
414000
432000
4596010000
12028000000
2431
10000000000001
424
211900
398000
398000
170632
4068800
132232000000
359200
3461010000
8770000
161
166795300
20242
1318000000
211400010000
1753676500
1000001
283746
220000
29445400000
115000
4699000000
872000
3629097999.999999503143044422
468100000000
484000000
25972
82600
3872400
62210000
101728
51052
10000001
328510000
143200000
15200
100000001
10000000001
59350000
103
4655200000
17730000
2320
1778000
885
63480100000000
41795200
1000000001
607
74200
108800
207600
1312000000
5314600
1000000001
20000
100001
305960
561
1000000000000000001
100000000000000001
4440000000010000
1000010000
6250000
568426
10000001
20000
2218010000
120292
103600300
10000010000
100000010000
100000000001
177210000
11829
100000001
1000001
246700000000
347830000
247930000000
90610000
97600
439
429518
180346
27400
1000000000001
5340100000000
30100000000
100000000001
1370632
18269560000000
775738738000
26166000010000
1318300
10000000001
10000001
10010000
826000
400410000
180010000
317500
752000
10000001
1010000
110000
40001
10010000
21
100000001
40875400
2986
107730000
381340010000
3140
4267886
110000
32600
548900
21300
2306200
22963
916010000
7540000000
926000
103950000
10404000
27424
116200360
63834
40010000
35899
10000000001
4830000
100200
976800
52410000
1428200
724
4050000
100000001
9840000100000000
4476010000
1000000001
11594000
3969400
3412709200000
10000001
1000001
33000000100000000
10000000000000001
449300
1000001
350536000
290800
36162000
29519520
26200
82
1740610000
10000000000001
1000001
22474
1000001
1304000
825
679108
635200000000
1000000001
777700000000.0001364242052658
10000001
110000
100000001
11269
1682
100010000
228
93
10354
80000000010000
187372
491
2489
1000001
10000001
21358
13717
8210000
25632000
50541318700
20633
3190396
3420000
5605971358384
2599
277600
200003
10000001
31280010000
10000001
29782000
16800010000
28144
26800
1820507800
10010000
10066
449824
197100010000
41600
47530080
15973468
226210000
10420
662000010000
66210000
302572000
209262
1121610000
1171442800000
10384732000
154978
16035981760
648485536
13022467264
41800010000
116800000
373
362418
26800462000
15000
51
672000
323788
119892
215882
2094000100000000
7236542050
3690000
21400
23680
163714
3680000010000
91
3066
27015
1401064
259200
1164200
13674
521236
545216
208600
4846600000
277420010000
105714874
5644420000000
137338523596
81126
10000001
4806254
712000
1010000
10000001
24668
11082727360
28504000
323434
110000
1001
115424
199900
184354072
4355
570000
1000001
234000
1353
4172010000
654400000
100000001
5231581
1000001
26085
333100000000
346224
10000001
812400
5733
400000000
1000000001
10000001
1740000
100000001
100000001
29756
258000
10000010000
324200
132608
5781
100000001
100000001
73
883048000
19620
1310000
380
167
44072800
1634000
1895300
1725659015080000
335024
221680
165008
3084
2478880000
1257
1138736
360410.6666666666637866001110
61490000
232132000
326576
970010000
1821800
3132953200
1409441782
28832
19311200
647872
29800
18800
401
328326040
50964100000000
91530000
133825792
15000
22
550
100001
1000000001
638680
918000
2312000
728000
292300000000
107400
113590000
202170000
1000001
100010000
30000
813000
1212212
13916
100603900
55050000
41800010000
100000000001
1010000
1000001
25000
20400
7150000
15610000
31310000
799699600
1000001
100000001
552
1000001
10010000
10000001
12926
740000
1478
979610000
989600
7453
15760960000
13310600
20706000
37090000
26610000
23300
116000
1000001
17422
157796
3385744
376000000
32572
38190000
4168000
100000000010000
11495
36600
9570000
100000001
2660250382336
1260025292800
34486
90070000
1879400
169
1540400
1873200
100000001
141922
4962
100000000001
60000
15073
10900
123735712
114671800
1000001
13168
57210000
25610000
102940000
3370000
403
4010000
50000
2856210000
448196
1089568
571210000
18146
1651700
100220712
191089600
405
100000001
12992
62600
1000000001
264400
30230200000
68000
100000000001
35810000
792000
58298000
94010000
10000001
121320010000
1000001
1182600100000000
2868000
14291
300100000000
790000
288
30000100000000
4934
4815197608
7744010000
1000000001
1000001
49145
5002000
1000001
15000
23
432
5
229
1135
391410000
400000000
270460000010000
13524
5106000
31153000000
1392000
213370000
400410000
481
291928
100000001
4180000000
1000000000001
1010000
100000000010000
10000001
100000001
148180000
8610
748760
411500
100000001
40410000
10000001
268000
2590000
20003
948880000
3720000010000
346000
1736
47530000
1000001
100000001
100000001
193396600
154659878224
3335800
1672900
375838
16630
10000001
100000001
192842
1000000001
100000001
3585100000
41569000000
30100000000
6692500000000
930700000000
78345400
191500
1000000001
1000001
552610000
10000001
10000000001
2930000
163612000
632
1000000001
186000
12381
100000001
275176000000000
1000000001
12426
100000000001
27670
5271800
52628000
36800
210400010000
10000001
12881
60
56724000
633854
141868
189180640
1208800
179
3259822
10000001
117120010000
13634
16486000
39880010000
48940000000
586010000
58610000
551200
10000000001
18794010000
46558720000
3688800
268562400
18395
100000001
443686
6839920000
52966
10000001
4668637960
320222
200003
258000010000
1189500
2010200
8890000
10000001
18310000
13064040100000000
6569583400000000000
98929600000000
1672480000
31210000
262626
11484
100000001
10000001
119450000
12574763200000
20286
79800
571210000
707488
295600
8072
16426
1000000001
196250000
1113100000
15854
1942000
858200
2368
32200
5840
100000001
1132010000
100001
15566010000
10000001
460800000000100000000
46080000100000000
4608000100000000
160
17876
245958400
41438
1894900
2810000
3689
16677
1000001
1000001
110000
55730000
1000001
1010000
10000001
2581
426000
100000001
13710000
21684000
233718
1030000
10001
697240000000
1950800
3891600
1000001
10000001
257500000000
100000001
70150000
5869029640
335024
29020010000
213178000
1010000
3846
2910000
2910000
496000000
2052000
20421
1010000
42210000
34574
121700
4074106
10000000001
33100000000
6704000
100000000001
4600000000
10000000001
113900560
15850000
100000001
1000000001
10000001
109200
334280
21090
100000000001
1000000000001
616
1000000001
1088
1000001
24237
1768
5274
228394
20724180
12722000
34785130
7320
1588
8288
1010000
110000
100000000000001
2190100000000
637066
448
895
60010000
3588
182370000
472374
600010000
829390000000
6010000
252000
203490200
60010000
129165400
1000000010000
3152
100000001
1000001
153240100000000
100000010000
55
5951628
2959200
94
36600
1584010000
733
3340000000
179356
779800
7699
305810000
1000001
18198
10000000001
29310000
1368700
13588
100000001
100000001
218800
188800000
104250400
78552
10000010000
31390010000
1850000
668428000
172600000
46634000
41610000
222410000
22250000
254770000000
100000001
47920000
148000
143000
100000001
100000000001
1149200
115100
1700010000
63150000
130922200
3356
134
121745500
148840000
764000
10010000
754010000
7540000010000
7540010000
7956
11810000
1480700
110000
75410000
1000010000
556640010000
55674000
5576400
27833
196990000
41350000
509422000
7550000
177024
637484
92366560000
461010000
4736200
1000001
1000001
1000001
17200
1450000
480000
23882
4589
12630000
52901488
3107800
2292486400
5215200
5135
422
15143930
46900000000
210969700
1000001
1992000
55990000
55730000
4593
1000001
40410000
4050000
5829
4050000
40410000
33958064800
110000
1000001
11292000
303282
697
430000000
100000001
998100
1362712
1885
1727
10437
1366
368000
1480700
100000001
11034000
5513
64790000
21040000000
79800
8054000
100000001
2580624
10010000
370
389890000000
284950720
116964
48400
478500
4882200
20456
70000
40000
1000000001
242600
10000000001
2200000
10010000
11100
100000001
2701010000
400000000
2003
5248000000
37786
21536
10000001
10000001
1000010000
27720
549800
10000000001
2431
523800100000000
10000001
601228
101271232
37456000000
601228
1000001
476000
50296
24600
24600
1033640800
9998800000
2141600
40800
624284
137080000
547
2078560
4244864
100000001
3682000000
59210000
297
2432010000
33600000
549
2610000
1023400
95
10010000
120220
182106
1000001
10000001
1000000000001
132601600000000
15000
160600000
1368100000000
4941800
1698000010000
10665
10000000001
100000001
766812
604010000
129559156
60410000
60410000
1000000001
2090000
1000001
1433200000
10522
41600
159
192600
15110000
552000
202000000
5582
28600
1017900
13183
693826000000
3400000000
100000001
100000001
2103010000
1000001
1000001
10000001
20945440000000
3340000000
964600000
2736400
5688600010000
1616000
100000001
18982030
74500
8075
77200
17813560
468836
2342
13210000
9074
100000001
10000001
569400100000000
421090000
21472528
4040000000010000
5461210000
1000001
5864867999999.999951796780806
100000001
44823931000
1791000
1000001
483200
5770000000
146229436
449680000010000
16705
1181395360
26998000
9946843300000000
100000010000
10010000
16130000
92400
167476
13690000
28800
112
3820600
13068240
740000
538000
454312
4045300000000
10469620000
137010000
35547130
757400
1000000001
10000000001
638000
10010000
5250000
13586
126840100000000
1000000001
85200100000000
2190000
110000
130000000
356000
218000
571847500
17600010000
4680100000000
269
815728
15436166
28
9148
1356000
593334
708002
264058
152
5182000
527200
100000001
3884500000000
56210000
62426
16800
1900
371
5589616
6991
5156128000
3336090457.599999973402191245
16400
332000010000
1010000
1000000001
1470000
1000001
100000001
1000001
100000000001
46810000
10010000
110000
17053
453000
25636952
12620010000
5108500000
404010000
1000000001
626340000100000000
3286000
3286000
100000001
1010000
618232000
1000000000001
6307120000
100010000
1000000001
100000001
22598080000
269200
2981
50400
40400010000
58670524
110000
25200
41060010000
43950160
14600010000
12371
21816
1866400000
29649
1000001
26693
449126200
10000001
10000000001
100000001
1000000001
1849600
18397
525
128923840
7305
3225408
43280
273400
100000001
31075480000
28810
856
768
722312
14667352000000
100000001
10030000
60100
1000000001
96820000000
392000
742000000
769600
4288000000
100000001
15368
1480700
385120000
1650208000
90401
1454800
27800
126160000000
7411210000
1000000001
78900
10000000001
2003
109495552
113178880
12520900000000
158000
4126000000
4126000000
2921300
16010000
1360500
62206000
100000001
2377600
27650000
843400000000
189800010000
71200
14610000
10000001
2252344
12255
100000001
110000
109180000
100000001
420278
10000001
20834
20000
3092
3066010000
2563
2074
5010800
100000001
58
610180000
10000000001
100000001
405
1771000
100000001
721600000
16118
77610000
5233240000
10000001
851600
10000001
6782000
10000001
537400
1000001
1000001
100000001
83470000
100000001
10000001
3016010000
606000
33100000000
10000001
13690000
100000001
290650000
1463200
129218
9405
10000000000001
6537
56
14950
111535000
10010000
1010000
133333300
6826
1010000
18778
129
1414800
1000001
141600
63400
905
196410000
23594
3010
95210000
4175
409
25158000
233320000
61320100000000
32950000000
27078010000
1722400
1173
2167550800
17060
42700
1000001
40200
543104
139300000
100000001
669149632
147029200000
1010000
2725
2458
675388
147200
9902716000
5834
40800
790228000
10427
311
10000010000
696300
57200
473
360400000
4889
4184000
1022490
795
300000100000000
100000001
100000001
100000000001
70210900000000
7948400
20000
100000001
1000000001
79
436000000
17810010000
10000001
1000000010000
666000
656010000
123391960000
26111
370810000
5380000010000
12220000000
10000000000001
128140000000
4247860000
3391828000
17708000
1402279768000
156358000000
176990000
568000
10000001
57708000
457
10000000000001
10000001
100000001
100000001
342000
160000010000
2760432
237
53700010000
682000
148400
3416
19878
4040010000
91608
50400
10000000001
70210000
123800
1000001
2303770
2336248000
190800
505500100000000
1000001
1946000
389694
1476000
2475
144100
20300
28062
495557800
17610000
105206080
300000
2507
114442000
6823936000
392590000000
591000
312010000
6125
24168160
31210000
282376
139646
267250000
78960100000000
100000000000001
1578131200
1812000100000000
10000000001
18180100000000
1000001
100000001
1004800
576208576000
22
3782000
311916530
17514
1146000100000000
1639000
1000001
30100000000
33700000000
30100000000
50695300000
5117716
1616200
27950000
191307570400
108010000
100000001
211710000
1000001
20003
50400
569636
2792000
80010000
19130
3740716
9422
5085200
10000001
325400
100000001
50150000
48174000
503
5514
350010000
2150000
10000001
22410000
29299760262400
14928
225
2273800
236380
100010000
595010000
100000001
15000
20000
508500
20000
221
28990000
1450
10000000001
10000001
834093400
100000000000001
187
5586010000
614800000
177832976.2576693668961524963
29461
1472
1000001
918700000000
11320
10001
10000001
5060200010000
228
10446
8998
64000
315890000
3130000
10000001
2209
160610000
100000001
100000001
22040
13193800
97960
164600
1554200
4680010000
1000000000000000000001
371920
11170000
1126000
10010000
414000
3496
20000
21186000
1089
143800
744648400
112000
196084000
61656
246340000
12010000
105150
736010000
1000001
100000001
20000
900600
101500000
1814200
15200
481810000
395950000000
113
430700
3062000
305210000
162600
25600
100010000
1238
110000
15000
315200
23295
716700
14122344
9724000
30000100000000
336234064
156000010000
429
3074010000
2653
1634000
1634000
981832000
91200
29620010000
37760560000
162410000
16758000
55429132
4069132
13872
380797149448
17721
23800
356000
57638000
8347616
1634000
1794
20000
107110000000
10876
2808
121700
113611300
352900
111825220
17490000
34300
15346
22800
1269
100750000
63400
14962
2918
110000
4848400
9328000
10014
644010000
2448000
745094164
126600
126600
1167
185872
11223
82468000000
21997
17610000
100000001
153810000
10000001
4989
11661
21610000
226000
130600000000000
130600000000000
186000
3265
12744280000
10010000
946
17600010000
8653600000
4581148000000
1948122
4022
141296
90256
11109545008
79784
1984600
9874
1760010000
17610000
275500
10000001
59742000
69267760
208993060
8838046
3640000000
289900
414000
11674
324270904
2475
14444
1111708
304
198668
25317
50400
5055
40410000
698820
41512
100000001
50838932
100010000
517912000
1059450400
4902540
50400
10000001
850
100000001
165400
7377616000000
3128001
26588
714000
353
26640000100000000
10000001
1113400
1000001
20003
4929832000
117285400
5759200000
100000001
3550000
2308
388000010000
1000000001
5901
142814
5300210000
3960010000
70060
10000001
110600
110600
5106000
8085
100000001
92770828000
26856000
17172
63291664
665
1981
3093
1064592
8756399999.999998781277099622
100000001
146010000
3094
105070000
418397800
29980010000
1500
351763096
11500010000
12585
843
2770000
50400
100000001
1685233000
100000001
12371
100000001
50210000
103765000
100000001
261700400
4702000000
960400
3264550000
100000001
10000001
98873
100000001
100000001
178410000
1000001
692000
18810000
58053030
16810000
49228400
1000001
339200
1010000
50059651628799992.95230983990
1527300
231400000
46800
97600
439
289164
339400
1000001
71700010000
8290000
2050000
103916800
30400
653416
20200
204010000
30700000000
13250000
1334000
406000000
100000001
42875600
1062
2026
170740
1945
1374100000000
681
919
96104
20076
100000001
1748000
870
170710171270
35900
1642000000
100000001
100000001
4480000000
474400000
211710000
100000001
100000001
9470000
422456
162429400
84712
1603108
1324072144000
339333496652800
36664
23200
6115
1320010000
16600
159160000000
138769
521
238800
1145
18300
286000000010000
106624000
562000
111086722888
100000001
17374840000
44380000000
10000001
1000001
10876912
1570000
43200
3102575200000
8860010000
163621888
98600
1289
238300
57830000
1000010000
1970000
30724
1000010000
10000001
8302
10000000001
8890000
909
708000
79800
5598429.973333332478432566858
30004
36557596000
288600
1000001
2240010000
153916480
252450000
2534400
532000
25550010000
73
26915
110000
1000000001
99600
141100
2898640
241
661600000
100000001
339400
1330
128570000
1000001
10010000
7345056
10000000000001
344810000
3458000
740000
11211468544
1033996600000
850
40410000
43370000
51700
61550000
23474
936568000
16060000010000
1298364400
141210000
922000
1000000001
500314
21396
57932000
878950000
7121
1494000
152560
28262800
620740000
626000
1000001
419784
100000001
291
1481680
4486240000
10000001
13146
144
1000001
110000
126745000
49226
41400
840
88186
6685
3150000
57100
18232990
16050
2461
2302200
33151232
265000000
29758
10010000
3017824
10000001
10000001
102072400
1000010000
6205262464000
480010000
100010000
79822470400000000
100000001
144400
155266
4984000000
2862352
5280100000000
188
745
1000001
47723612
10000001
70126
17950000
666150
29826
10010000
9205
110000
30904375600000
108640000
100000001
110000
100000001
180000
592000
1000000000000001
9274259584000000000
4402000000
10000001
6048
10000001
100000001
10000001
58370000
7550
8056000000
192200
69200
3790000
1886
189476
491514
848575918
33350000
240203800
400882600000000000
2454
21830000
300100000000
1000000001
3310000
85010000
1830900
25215742
79800
2964010000
100000001
4050000
1563602635096000000
100000001
211200
671000
250000000
100000001
4029400
429400000
567100000000
1241655040000000000
19091853568000000
14396968000000000
1467256000000000
100010000
776480
88000010000
400000000
28546
6896
170680000
18320010000
1000010000
1798000000
12910600000
100000010000
27100
861100000000
749150200
1000001
20000
10010000
100000001
36970000
10000001
103240000
1000010000
7575
1000001
30216000
10000001
1010000
1000001
1000001
192400010000
121200000100000000
1000001
712010000
702000
107600010000
24737
1000000001
5333
10000001
10000001
1000001
917500000000
10330000000
1104000100000000
414000
67890000100000000
400410000
1000000001
3890000
58500
30200
1000001
1000001
546900
1500100000000
385720000000000
100000001
1000000001
115200
53000
216010000
1000001
110000
1142
4851
1010000
561
1000000000001
1010000
414000
30200
100000001
340610000
40300
216426
3400000000
3400000000
100000001
71810000
1480700
10000001
893256
4010400
15429
73778
220246
23400
1000001
6147280000
1000001
8110000000
1000001
3002800
4040010000
1918000010000
62
218400100000000
1760140
1724147800
557400
59441320
9519632
20827056
42410000
171224200
11728
10599040
7200010000
87832000000000
22144
1114000
120400
1028035.199999999991632648744
814000
100010000
10010000
7420010000
74210000
100010000
752000
19548
5357010000
1340000
26390000
1000000001
374958
3902000
30570000
6370
100000001
118300
100000001
1000001
100000001
184585600
581800000
10000000000000001
4316666.666666666060336865484
57
4192
451376740
21484
23300
521600
1033200
1621420000000
152896
1729
96320
796
18900
2868680
6344000
321210000
100000001
65
100000001
104010000
114000
20400
1050000
10410000
20400
1748800
1050000
20400
1040010000
97346846
18320
108517600
718000
15200
10000001
100000001
100000001
1470000
1000001
1981000
15000
43070000010000
100000001
1278000
1000001
123200
39
20000
1480700
15000
24600
20000
15000
91200
651157000
57100
20000
20000
55400
65700
110000
1014695116799.999999879219104
10000010000
1000001
100000001
141630400
43600
26800
13696
196
16900000000
56
30410000
9354000
96
4794
527800
45598
4865
6570000
666000
56580000
63820
7852074400
318
23392
134000
20000
100000001
115775319.9999999977790139383
321210000
14610000
100000001
100000001
1000001
18778
100010000
100000000001
1010000
10001
396000100000000
1426200
29610000
119436
252
6276673600000
1684600
6263500000000
100000001
62734000000
5150000
1000001
284000
35000
1397500000
177625000
192822836
61187500000
2824500
12750
35000
580800100000000
258248
204100000000
853
461086300000000
1363820
1000000001
10358
9119620
100000001
2312000
358008244
1000000001
1000000001
10300582000
22250000
5524858
94972
54106948000
18184000000
100000001
10000001
110000
1000001
670700
125610000
23294
146010000
1243712
13702000000000
10010000
125700
405
620100
58800
58800
48810000
1825000010000
10000001
514000
1000001
17926000000000
11892
10000001
244228000
10610000
97780
10610000
1470000
1000000001
100000001
170600
1000000001
1600000000
9750000
100000000001
1000001
167900010000
130400
100010000
7334086
455212
304816
429316
1831684
469222.3999999999962255969876
59800
5880000100000000
86200000010000
1010000
22320
1049
252210000
292010000
100000001
74410000
754000
373
6010000
277100
10000001
1010000
100000001
851
31659524
1858447360
10000001
1010000
506200
1525912
24548000
4652800
557
201000
1000001
100000001
3200285900800
1000000010000
100000001
150100000000
187200
4487392
90
80312
2370483712000
146980000
163025200
7035
82840010000
1000001
63200
68600010000
380
353139400
646610000
100000001
204400
2890280500000000
11657032000000
5322800010000
532290000
438400
10543480
285880000000
24030000
343256
733420000000
105600
10000001
1000001
58004
34750
31617280000
268890000
5540000
127693666
35332010000
1000001
20003
740000
11109545008
10082010000
321280
582756406
379900
3700
2856711178
5565182
514100
1512400000000
1612300000
5042
588000
10000001
10000001
10000001
10000000001
1000001
1481200
814609000000
222010000
107280
10000001
10057840000000
100000000001
1000000001
291200
10000000001
2877810000
1618000
4595010000
100000000000001
23800
15730000
6744
10010000
41669704000
492000
242324
2896274800
34100
172300000
1000001
100000001
8873
100000001
31254000
1000001
100000001
545716
9639
105685000
10000001
100000001
18988
100000001
10000001
10000001
10010000
100000000001
100010000
100000001
37060
151733800
3400
881
922
18566
100010000
216953200000
3231
424
19455740
2652010000
10000010000
1000000001
189337600
330100
9290122000000
57970
31300
16292
16292
9615665680000
235
10000000000001
232530
31160010000
15581
4706090
10000000010000
75950000
469500
469500
929000
176410000
100000001
485907040000
100000001
14855
100000001
10000000001
730240000
1000000001
786000
709600
17483
10010000
27704
109112
371192
10000001
1000000001
100000000000001
107111800
59130000100000000
1000000010000
2814
1010000
2788800
2788800
185500
3510000
360000
6023200000
1010000
133320100000000
10010000
740000
39612
16600
214500
14095
26600
146107600
18300
138844000
27800
709184
4097
357710000
110000
70696
6170000
2920
492878
322000
231561100000
100000001
100000001
1010000
736
10010000
158810000
1330000
3848
2338800
1137
39
26314
28216
6608470
10000001
1023
10000001
10000001
22946
2291
4660000000
28613
605330000
4347400
4203
10246
100000001
1000001
10000001
96790000
104026952
976876000
365
3790000
21640010000
4980000
1000000001
10000001
1000001
1000001
155552
553686
1000000000001
10273800
371
10000001
194400
133000000
10000001
26530000
42184
6318660
39800
299
3004
1010000
59790588
995
6250000
2748
100000001
3340000000
26700
1210200
24775
56398
300100000000
510
538200
5283
29551
4284000
4284000
2166968
70442800000
68900
23610000
2318
100010000
100010000
568323592
450044
19070000
88800010000
12970
269006
1187300
47732000
1000001
1000001
2044000000
4019410000
10000001
494600
474
112000
37
10080100000000
10000001
190000000
58800
1423248
100000001
177052000000
6133
8340
614800000
5248000000
122000
57
640000000
14409
555600
2729
14444
34410000
574400
9328000000
1102
4030000
412000
13210000
189800010000
16200
22400
432000
212
100000001
369
572010000
692290
3086713600
10000001
9160
2127000
10000001
100000001
1000001
1000001
10010000
251318
1084
397
10000001
50180
9716620
990100000000
38700
7971380
10000001
1000001
379710
400000000
100000001
408
645
1000001
4730000
298983400
15192
192410000
475800
1000001
1000001
1000001
77400
80690000
3100000000
138280792
182436
19284
100000001
228100000
102900
110000
112735000
94900
100000001
10000001
280798
12310
130780
9213
34654000
488500000000
30410000
20003
148667200
448900
570000100000000
337600000
93858800
6429
68850
1000001
6153628480000
7031
6626010000
100000001
10000001
160630000
10000001
100000001
100000000001
145792
8883
1000010000
100001
1000000000001
20000
18848
479
1010000
1000001
3580000000
1000000000001
17580
17840800000
8260000000
100000001
21413
20806972000
24135
116957908
15100000000
544715272
10000000000001
1000001
10000001
1000001
1000001
66690000
958660000
114372400
88720
167440
15412
502000
247
204
10000001
205970000
955000
10010000
572800000
1430000
74020010000
16769
2778
729
3585856
61300
514
318
11909000
5808
1000001
85900000000
63812
177300
10010000
54800
161
26147
194000010000
9761316400
26600
285500
15000
15
5910
51580000000
100000000001
5117
265700
2558
1000001
15000
4300000000
2070000
216000
100000000001
46300
182
61854
86
396800
36460928800000
233410000
484690000
133702
1000001
1000000001
27246000
13619
630928
1000010000
10000001
1000001
100000001
10010000
1000001
312000010000
1000001
1010000
524800
1000001
29003
3826
1366321600
178794100000000
133811800
59709400
100000001
68652
218010000
10010000
1056000
4016000
209
232500
31729960
24182000
720600000010000
1000010000
10000001
400000000
10000001
607564
1000001
10000000001
1847
2308200
67072
1392
2138800
10000001
1000001
1000000001
501
22496
569
8959
10000000000001
1000000001
96900
89200000000
10000001
89400100000000
100010000
20090000
210800
1005
100010000
225380
1540
24130000
19690000
6670000
343890000
22130
429400010000
1000001
3452610000
450044
95
100000001
1000000001
1000000000000001
194810000
1000010000
126182
1995656
10000000001
101
10000000001
11320
636010000
30100000000
10000001
100000001
89490000
7777200
1010000
30562000
1666010000
18773
311600
10000001
221800
3748000
218800
417610000
1000001
192850000
10000001
58642
2457
10000001
290000
2054000
1947934
9018000
684
535
2997
1000001
10000001
5859
614800000
5248000000
614800000
499764
22780
4088723200
2203048
3124010000
105154600
22131400000
3240410000
324040010000
1358000
252460000
100000001
117400000000000010000
79700
79700
698
60138
10000001
217000
116849800
38410000
1000000001
1000001
464
1000001
100000001
10000001
10000001
3592000000
10000001
10000001
9001
10000000001
1000001
1488000
100000001
1600000000
10000001
12611
3513200
3101121376
6883
1000000001
595462000
32528
219410000
27886
7150000
1000000001
19691
1000000001
2090000
300
996
1000000001
10000001
1000001
4310000
1281952
778000
7578640
56010000
100000001
5446000000
1283400
2949
24193440
1000000001
1000001
1000001
529000000
10000000010000
1556610000
1376980000
100010000
63200
1074000
10010000
116400
575
29800
114883681000000000000
9717
1000000000001
2660600
59362000
10000001
358568
31698000
464000
14970000
14112325000000
200010000
190148375200
94400
52200
14575
20593
1000001
100000001
3107
430
31200
10000001
440
22000000000
11725300000000
7660000000
2470400
6432940000
1000001
1798000
1041
101680010000
29297900799999.99601597664877
20000
35896800
730870000
467400
20000
912010000
22672
62900
17508400000
188000
7360000010000
89046
250000000
2838984
21220010000
25177600000000
190920010000
1471000
14611
1000001
206000
18027340000
90060010000
7084096480000
31080010000
165400
310810000
62160010000
8890000
662800000
1000001
35080000000
1000000000001
100000000001
105300010000
99600
2794000000
110000
5756000010000
224200
36700000000
61
100000000001
100000001
212010000
15874
124840000
68210000
21799
26676
5682000
761
2900800
179580766648
100000000001
7602000
27040
786000010000
394
1000001
10000001
100000001
4325600
100000001
226018
882000010000
18888
10000001
246728
16995061046560000
6813600
488000
54000100000000
1000001
21900100000000
153360100000000
100000001
111772
1499712
263210000
263210000
163205800000
11550000
1000000000001
1000001
1010000
194404
1000001
99100000000
2539240000000
100000001
1000001
1010000
101653300
11
566800
10000001
1000000001
1000000001
10792000000
410400
4014000
2003
17708000
115864
472000
11210
1170000
14270000
637
2864
477
426
4036834
62050000010000
30670000
430000
4200000000010000
208848
52200
110000
1010000
10000010000
110000
627694
100000001
8557595992000000
10000001
62520000010000
1918000
13204000000
7093
4544000
11020010000
719352
890680000
144500
85610000
68810000
1096000
237934000000
267382
21946
64300
64300
118600
544
698000
50400
10010000
10010000
110000
26908000
2689810000
268990000
245722720
37200
143600
86224
19600
7381
269900
100010000
7353
337600000
21319840000
10000001
187100
7009
5734240
1000000001
100000001
1200000000000010000
6866000
10000000001
616010000
653692
4963400
24768
10000000001
25210000
75
5352
150100000000
32141850131.19999973664425852
25376000
96010000
583900
5740
600
44610000
3074020
5585680
970000
1004000
3729100000000
960010000
21465040
48912700
15563920
9987280000
938
17800
2185264
2272
2761288
258192
119846645500000
110000
25
262000
1200010000
5146
110000
35100
10010000
34800
100000001
3320000
72770000
1676204
1000000000001
10000001
541
76800
1244464
1346000
6100960000
111565984000
6100960000
587610000
145771000
16973
1022144800000
371000
1431
110000
20000
17099968
155387999.9999999995452526491
1251000
29283000
364000
364000
27200
2354680
103600
93880000000
11562
34376
1803610
4825564479.999999961160028762
767200000
2101
33100000000
612010000
171592840
23511
100000001
110000
10000001
3316900000000
496000000
2090000
202900000000
7700010000
1282010000
12830000
13537
78558400000
1000000001
2330000
8932010000
106654
1000001
4497210000
1090010000
4554200
160610000
5061
4050000
1000001
343110000
10000000001
10000001
300000100000000
3340000000
125980000000
2003
30004
20000
86384
234000
224000010000
3012000
1137400
1000000001
2363600
100000001
21128
154984072
3678000
939
22526000
1222000010000
54638
37990000
3801
2003
80422
5616976
1000000000000001
321289868.7999999981811924954
10141000000
2028010000
4005
1000001
20483
265728
11625
2216680000
8920
415812
1000000001
1000010000
1000001
75164
6058000
151870000
2770000
1596200
3400000000
589840010000
34174000
1873
622600
1000001
10000000001
2137300
47728010000
722000
45600
7130000
19500
25070000
1046800
5185
94660000000
334
73402000
26401
822100000000
57210000
5720000010000
17820
318000010000
324490000
1000000001
1340712
20003
10000000001
1000000001
1000010000
19636000010000
34468000000
38952
1000000010000
513
28013
20620000
10306
47148010000
128732572
1437800
635092000
10000000001
710
1000010000
52
395890000
19795
130210000
688297600000
787258000
4984000000
1010000
256499200
1218
1245200
6160000000
310800
1241
205210000
20003
1000001
132600
1534864
12365
4489
991
1000001
1010000
2862000
376832
4050000
4050000
4229
29400
1000001
1000001
100000000001
207580000000
1000001
15830
100000001
604600000
204600
289000
51736000000
272944
232
14100010000
120693148
32400100000000
2003
2190000000100000000
22509697000000000000
48395847400000000000
100000001
543108700
116200000
87150000
10000001
1000001
687
100010000
155400
31030000000
2074900000000
484010000
2253765040000
10000001
414000
197110000
100000001
33100000000
33100000000
100000001
1000001
2076400000
100010000
100000001
36750000
367410000
1132000010000
676953468
4882200
40050000
7206827392000000000000000
22175
1000001
3006000
95
100000001
103961
35696
8481
1169
726
410400
4834
10000001
1000010000
1000000001
2511700
7760428
1000001
493000
2416
46423696
1000010000
253800
1220
48542000
543852
48542000
4863200
48542000
2436600
461382670
11620
806100
185142
2930010000
5565
176110000000
33100000000
928366
332400
509810000
8533619380000
10000001
1000010000
1000001
1000000001
32336380000
460610000
565216
1000001
481200
129242080000
18089463232
10000001
10647
94100
1000001
157
902440
2907880
1000001
12630000
10000001
71
100000001
1000010000
658800
6180
100000000000001
1000000001
1000000001
330100000000
4628280
29030000
128272
300200
2902010000
2912000
46828
1407
1857
41240
1421
15000
2114
812700
40031041000000000000
31300000000
26488
614800
12010000
7438
2159280
19538000
5228200000
1000010000
318030000
430552
23015
616400
54044
9130000
1000001
1810000
10000001
118000
41200
16864
442000
26516000
28454000
7232
220868
6792010000
135400000
5349600
1000001
5199400000
22431
48700
18480000
17942
1000000010000
2844700000000
435100
1000001
50400
312
100000001
740000
245744500
10000001
100000001
568900000
15018800
52015764159.99999269084946717
703
10000001
512000010000
167010000
5745400
1568912
27649
100000001
5524000000
30100000000
3400000000
2483
10000001
55270000
40349800
7175
39430000
1210000
396
5627
29100
46100000010000
4620000
159410000
163692
46610000
79410000
89400
407320
476000
411580
295947190
232000
112
517009600
127600
589
16010000
1056592000
18000
344400
16010000
1178000
18000
354700
410000
30000
665531200
253880056
579452
338972800
99210000
15781
8064
9930000
1309245030400000
4050000
3370
234790000
908600
2154
298800
1883608000000
110000
1499157856000000
10010000
88100
1010000
796400
7987600000
100010000
250000000
1010000
88500
3663184
11631
10010000
1000001
4204306990
118600
544
14296780000000
15152000010000
3130210000
1575100
132191200
343210000
3691540
8146
1753000
201730
465
2437286560000
5929410000
7069552
1746260740000000
89728
358010000
10000000001
36100000000
21200010000
2130000
1730900
47948
2826000
453647510
17706
10000001
100000000001
238000
339400
29693
438010000
1000001
752
4920010000
7046800000
592400
89800
100000001
53300
99408
100000001
1645480
35117890
277423876
10000000001
100000000001
10000000001
10010000
10000001
50400
1000001
842600
10000001
21223
724060000000
1831
14610000
1000000001
100000001
4000910
323170
17530000
204410000
1000001
1000000001
230
136680400
245350000
1108
1000000001
100010000
10000001
18506
376624
18576
434000
250000000
33030100000000
1000001
1654000
60600100000000
20868
6618000
1330000
10000001
822700000
5414494900
1000001
100000001
100000001
100000001
1000001
22826
5340000
405250000000
295
1357048000
1062800
1119556000000
868200
2047
967116250
16900000000
21723
920
6282000
31660000000
5812610000
384000
27204000
16837219964800
15000
32
10965256000
1423
2303034220
69
67741
85320010000
1010000
100000000000001
759406000
3946000
10000000001
100000001
365320000
58770000
26910000
146
1000001
100000001
28783
110000
10000000001
3360
10512
1000000001
29635
7314688000
1000000000001
2918142160000
22690000
25344
41624010000
100000001
22879
315624
13438
7122000
10000001
151530000
1000001
4870000
4050000
3263860000
174000
128410000
16309466560000
139600.0000000000227373675443
15838
100001
10000001
100000001
1000001
10000000001
13583
3204
110000
100000001
871400
8581
110000
1000001
678000
335
10240
7566
8530000
7017
2670600
1000001
205970000
100000001
517580
74800010000
74810000
375
100000000001
100000001
100001
1676
125245486
1078
66682
142
1040
1280010000
1000001
60016000
1470000
10000001
27020000
11210
1000000000001
1470000
10000000001
100000001
640000
640000
10000001
1239
1000001
100010000
410400
10000000001
51460000000
1608010000
3100162000
100000001
6010000
98600
5018
292010000
100000001
10000001
10274
17300
1000001
1751410000
100000001
1000000001
100001
63730000
10000001
1000001
1472400
100000001
10000001
217320
3472
1000000001
10000001
752560000
979000000
100000001
414000
414000
64944
30200
2959200
20010200
758210000
5008
851602
4349632000000
106624
77100
20000
26400
1000001
12530
2003
1250000
1762000
10000001
87726
4599100000000
44776000000
852010000
179050000
27900
10010000
1000000010000
740000
740000
15000
110000
430000000
10000010000
724000000
23189080000000
1010000
852010000
862000
1010000
3723000010000
10001
37390000
85210000
9660010000
3870000
8530000
161623000
852010000
12449200
623372608
10000000001
10000001
731200000
235246900
8514707200000
792000
194000
10000001
121300000000
523800000000100000000
430676666.6666666060336865484
1259
60150000
23700
1160
9249
19026268
1624
100010000
1000001
10000000001
50018
29223140
26567400
10000001
32950000
10350000
1000000000000001
362010000
33210000
31900000000
2692400
1000000000001
10000001
984000
412000
77400
24394256800000000
1311400
402010000
57400
258902560
15090000
3850000
4020010000
94210000
3210000
14174118100000000
402010000
412000
318286000
2944600
3522628000
193370000
1000001
1000000001
100000001
9090000
353200
3442000
481800
277928800
2290000000
112010000
22544
18210
3606646
570784
2532640000
133424
16201400
9284000010000
10000001
72018
10000001
260800
25090000
94450960000
18318400
25090000
18318400
135400
1914300
27310000
1000001
4468000000
3299800000
785210000
2148000
10010000
32400
100000001
10000001
10000001
6200000
6015200010000
6900100000000
10000001
126400000
100000000001
1000001
14610000
27400
19060010000
84000
33002800000000000000
7598560000000
175020
11969800000
542000000010000
1000010000
1000000001
100000001
317966320
1000001
1000001
10774000000
1000000000001
535600000
24900
1010000
110000
305860000
922500
1397000
15000
91600
100000001
128800
123929200000
105856840
18460000000
518686849092.2664947807788849
512806240
132400
171
424704000100000000
635
100000001
3476000
1140
100000000001
103480000010000
3385000000
10000001
14610000
14610000
110000
100000000000001
100000001
740000
1251000
54044
10000001
100000001
30200
1000001
2638000
1000001
3130000
1000001
110000
22640000
842660.0533333332059555687010
769200
54300
2003
16800000
34690000000
51100000000
157
100000001
25
1000001
10000000001
10010000
1000001
1000001
21792
100000001
79990000
8290000
10000001
390820000000
330000000010000
4690
116400
50800
8160000010000
430000000
10000010000
2547897732400
236200
10250000
3592265156800
2949354726400000000
2164444
1913872
112933600000
152494
122010000
4607
7410010000
113428
32010000
41636
114900
219800
10000001
1000001
2196010000
219610000
2206000
2196000010000
9830512
229600
517400
75030000
760200
908200
790208
502857400
16544408
40536
138010000
1330000
10000001
319000
54396
26120
252
21544
222014
47470000
282000
110000
10000000001
2820000
76060656
2214700
22048
12327
261388900000
2586
623200
4647326500
100000001
16800000
26510000
1458040000000
2880000
1127800
4741
51815910
30610000
581400
317992.5333333333308019064134
168
10000001
3709
1195520
315400
4360400
2336000
340000
6730000
305680
43000
49200
876
340000
65896480000000
314303.9999999999974988895702
33010000
100000001
31270000
17450000
130800100000000
2273000
10000001
78810000
218780
100000001
6726000
198528100
10000001
908100
355290
148180000
163936000
100000001
637462
780800
100000001
3304000
1000001
1000001
1000001
1010000
1000001
190900000
379648
10000001
46900000000
1816010000
100000001
10000000001
57210000
6482180
287
10000000000001
1640000
3650010000
17610000
1000001
1010000
12633564400
1000001
496000000
984760000
2855374720000000
912010000
19360010000
1000000001
1000001
10000001
620545960
13550800000
11300010000
1000001
100010000
1000001
789700000000
100000001
10000001
225800
100000001
1638000
10000001
1000000001
10000000001
100000001
28772000
974400100000000
1000001
33000100000000
3100010000
2646100000000
299310000
100000001
19577
735800
10730000
320000
3059200000000
115675000
297600
1421678800
16570
338392000
570000
5230320
570000
665
15214
2654
100000001
100000000001
1000001
60630000
164000
350600
111000
990400
1230000
22200
37504010000
666496
20159326000000
110598112000000
1000001
486100000000
4203915904
2914670
44600
27300
479400
1200010000
1000001
1026730
1010000
246236
10000001
20710000
71540010000
5989
10000001
1000001
125365600
585960
1001
8278000
11196
836800
97100000
1000000001
28744000000
1955702440000
3008000
1000001
2003
8745
424326
487630000
153443800000
1000001
45018460
8797
106996000
29316
56010000
67882
2198
1000001
1010000
37010000
100000001
100000001
4519
1000001
6448888000
3200000
403210000
54352
22600
31494
100000001
3504010000
4800
2457900
21180000
233
61400
775
207
36048
258
269500.0000000000341060513164
331
100000001
2592976960000000
10000000010000
11100
10000001
14610000
10000000001
10000001
28846000
100000001
43900000000
1000001
740000
387832
179214136000000
5448000
281900
20590000
50610000
50600010000
15000
5070000
60160
609324
516000
381404
5070000
516000
35300
46692000
10703
2630110240000
100000000001
1000001
30000100000000
312000010000
100000001
123160000
100000001
84010000
10000001
1000001
100000000001
1000000000001
956
1000001
44800
10010000
2101
21528
8186771440000000
508916008
484000
47400010000
10480000010000
20000
178000
1000001
1000000001
10000001
100000001
490000000
1000001
12804
100000001
10000001
1000000001
2610000
68740000000
267098680
1000001
100001
100000001
1000000001
10000001
16634
53440000010000
1364000
1364000
1364000
1364000
120310000
77700
29752600000
77700
296044000
5509
12293
1000001
2790
1000001
100000000001
16277008
10010000
242600
100010000
110000
100010000
24190000000
135200
110000
1010000
1000010000
1010000
4921600000
3040000000
29600
66044742400000
186400
1000001
6370000
625400010000
322
322700
30100000000
3908
5383000000
18590000
100010000
100000001
146010000
926362240
1000000001
1021
340400
208400
1658010000
830
11084578000
10010000
10000001
1000000001
1000001
21600
1689400
219
100000001
1000001
467200010000
1000001
100000001
19610000
19610000
19800
12156
6322000
19042
1626700
45552
2861368
63327820000
1416000
80300
790000
2290000000
10010000
1000001
3484000
28400
23575
78600
1582000
1000001
10010000
110000
305300
34682000
100000000001
100000001
6369760
1372860
76400
39100
7252580
51500
23574
147600
689
273586864
33210000
20000
179978800
43200
27596
25778
728
13652
10000001
60800
10000001
10010000
120334
51810000
3791400
1274700
110000
390
9157754
1184332600
121600
103596400
139025800
11782
20804
1000010000
1000001
2886000
9474000
3590000
3590000
93598000
94730000
121540000000
141504100
146715778
341968000
1421
1010000
27900
1000000000001
740000
10000001
3400000
1696
3970000
100000001
52372000000
10000001
14726000
1481600
7359
79296688
859711492
2225882836
256200
2463000100000000
967610000
493800
170150000
96770000
32404010000
131930800
502400
256200
256200
2463
2634100000000
121440010000
10000001
44510000
2560000000
100000001
10000001
2806300
138233800
2571136
1770150
1015800
8520010000
21032000
1000001
100000001
77
677027776
40200
40200
2664280
3810000
12322000
6157
17128
1000001
27750000
1525
6574000
1000000000001
10000001
419860
277660000000
805300000000
730300000000
100000001
89790000
6070000
852
2437
181700
86320000000
10000001
115000
526
130210000
1000001
2431
3400000000
4006
100000001
100000001
10000000001
54676000
1065
17832
206600
3595379512000
108300
984
2740010000
614800
55200
2694400
1000001
150621604
496792000000
100000001
1875116
398000
428990
694156
171550
4304010000
266762
110000
12749
3892000000
1000001
622205320
339
22054000
450112000
236690000
13344
13753
100010000
576781600000
10000001
299210000
922000
4182
3100000000
10010000
492000010000
7245844
122
59010000
296
938300
392800
1000000001
10000010000
4451514
30210000
118301200
5010505600
281
40200
778000
93
2214600
25100
3978280
205490110
149400
10000001
1910000
100000001
5131900000000
5288000
15568
37400
1953
11018400
10001
1957800
509932000000
10587700
1000000001
274600
131347162
466010000
10000000001
100000001
11332000
33166180
5494
2482000
3414
10000000001
105836
2013664
59400
504000
34700
59400
74200000000
10810000
118000
4050000
169875280000000
101800
10000000001
912800
100000001
20000
1010000
101
5054400
100000001
10000001
100000001
100000001
400000000
424000
8619538000
5658010000
40888
19730000
10000001
63520000000
595888
3063310000
3700000000
936100000000
556550000
531910000
2450000
100000001
2920000000
1117800
100000001
447976
1000000001
1000001
6073600010000
1000001
1646
207227800
4444000000
163
430710000
100000001
1000001
100000001
10000001
6216354
293584
4230000
211358800
3090600
178300
936000100000000
21110
127180404
23340100000000
4291600
21409
105310000
300100000000
83530000
20572624
49578
72410000
3710000
14070
65099200000
3304000
70800
60810000
1236223000
2585000
10000001
262010000
179473900
100000001
100000001
12860
1179410000
100000001
8197000000
7828
10000001
10010000
10000001
10000001
37790010000
45728
9340000000
1000010000
424000
10000001
195600100000000
1010000
1000001
100444312
10000000001
29
576400
72304
10000001
1780000000
100000001
1000000000001
1000001
56010000
20681
12010000
128530000
1000001
15000
15000
36000100000000
1000000001
1000000000001
170600
100000001
581800000
250900
202720
100001
10000000001
1977
715
1010000
2364
486
10010000
148180000
124090000
438100000000
100000001
111024
7360000000
1000000000000001
1324000000
121888000000
8980000000
11640000000100000000
1000000010000
100000000000001
57000100000000
92412
16250000
10000001
6340000000
6340000000
100000001
10000001
10810000
10000000001
10000001
10000001
668800
1898000010000
654000
10000001
10000001
762000
15984
884800
100000001
100010000
10000000001
249545632
100000001
43900000000
1355552
98800
16952
10000001
100000001
41778000
100000001
100000000000001
4615300000000
13652
168280000
3911
387
59210000
1633700800
100000001
15562000.00000000181898940355
100000010000
3436112
48889
165200
10000010000
1000001
39843
100000001
100000000000000001
8880010000
1181192
100000001
2714600
936904
8947600000
31310000
70930000
10000001
100000001
100000001
1000001
1079
995
1717060000000
554230000
185200
10000000001
1146070900000000
10000001
1000001
1000001
1000001
138538
1930000
722795404
148422400
1413
100000001
36200
73
100000001
2533821921280
42280010000
100000001
205
100000001
6551083000
10000010000
2421
45925
20798000
100000001
17947
37847770867072
129952000
122000
4487884288
745
25840
100000001
430000000
1000000001
10000001
177088000
9875188480000
1000001
43
3100000000
21799
581
100000001
15730000
1010000
270000
4517
1010000
19130000
100000001
100000001
5825
80010000
100000001
148097800
3441000
3702800
11989
710480
1000001
10000001
79610000
2733400000
10000000001
4111900000000
1000000001
160480
9572112
2249
6169
25761
938459776
22119068.79999999981828295858
11989
13009288
3877610000
737892
8051600
1000001
776128
5810000
1371322720000
10000000000001
1000001
3178000
100000001
28895
106226788000000
1062266980000000
110000
21379488
113126080
57900484000000
1000001
17120010000
55845
246768
1156000000
64200
100000001
100000001
1325863010000
127020100000000
12620010000
444000000010000
2193700610000
43820001
1000001
17758000000
201000
214400
123975400
29424000
4336800
15304240
97780000000
11169100000000
28512010000
8323
10000001
113500
100000000001
1000001
10000001
330100000000
28858000000
10000001
121300000000
5810000
140790
1203760000
154200
1433200000
137600
10010000
44898000
1000001
33100000000
10000000001
18559
9049600
76366450720000
100541200
5125
10000001
606000010000
1343200000
100000
1809
263
100000001
6162443706880000
1000001
4876180
202560
11160100000000
1559606250016
10000001
16003600
455
1000001
827200
10000001
110000
1423400
134444800
31210000
150400
1060984
1000001
1000001
217
1000000000001
1000000000001
10000001
31213120
408010000
62000
410000
359200
65000
95437224
8865964
1010000
100000001
4090000
1000010000
236000
471172672
33360140800000
14970000
101873680000
5314000
13930000
13369
12041296
1000001
3488000000010000
348800000010000
140460
20003
1518040000
20000
20308560
490524
100000001
100000001
4907200000000
100000000001
10000001
80800
30100000000
53
10000001
1951546840
1912000000
1033200
2986056400
348800
1000001
13390000
25600
345000
35000
506496
13
946000
8943700000000
7207688800
13719400
1000000000001
1000000000001
10000000001
10000001
10000001
9540880
6080010000
1390000
37300000000
810400000000
4060000000
240912
23677828019.19999980621105351
551068
24595
894970000
630907600000
1313
14010000
710000
3100000000
4667600
2045
283240000
42282340000000
10565
10000000000001
177560010000
36790000
113
21615
1000001
597
1000001
158000
1066400
23547
12010000
1533000010000
80410000
100000001
1000001
1000001
10000000000001
104029300
108058600
5914800010000
24432
146000010000
1000001
353795284828.1473239958286285
215467264
1277200
10000000000000001
3952000000
100000000001
1552120
479
1000001
360100000000
87400000000000
8640001000000000000
923600
10010000
2737600
2154000
1000000010000
676000000
1000001
1117
284700010000
599
117600
904000000
245596600
100001
241
10000001
3125
1001
7690000
1117
1000001
100000001
1587376000
10000001
160000
100000001
46323
10000001
314548763200000000
7148812900000000
10000001
389800000
146010000
9008800000000
10010000
637010000
2179480
4974765.866666666625860671048
125410000
404010000
10000001
14224
334800
1875
1557600
73
63928800
688010000
15000
108010000
1637267200
25
10000001
185278600
10010000
177600
5210000
30130000
100000000001
2534000
100000010000
100000001
1228448
112078000
649488
2003
100000000001
264200
15863
3745
115000000
942960010000
39589
197323600
100000001
163478800
7876204800001000000000000
46900000000
100000000001
9674044000
11980
114040000
51228
19594
13358800
4409
344400
70800
37926000
1490000
16291
393460
14496010000
1675200
27750000
4564000000
1000001
7870000000
12619
10000001
300000100000000
100000001
1000001
1010000
15650000
307000
14340976
50170000
1460000010000
2310000
1000010000
1010000
10000001
33700000000
9514600
967
1000001
110000
20003
4451
14610000
10000000001
255784
27010010000
1000001
36419
3511
10000001
813000
1000000000001
14610000
18955
1000000000001
20516000
4348000
19490000
3553
10000001
7118216
1000001
10000001
10000001
223210000
594800
110000
85834640
15469444090
32400010000
1190370000
72120074800000
1709
854375720
10000000001
100000001
1000000001
110000
14610000
984760000
1257616
167910000
10000001
10000000000001
46594000
10000000001
300800
1000000001
100010000
35200
36312
10000000001
354519438400
354519438400
10000010000
1752010000
64386000010000
10810000
14312
7082800
687
74000
123120010000
761
17304
2375200
163
98490000
1935210000
1560010000
984800010000
116249200
8177393656000
605
3879000
14610000
100010000
477108800
10000001
67690000
412600
275468800
423
1347279020
45015
740000
16079
10000000001
7534110
2568400000
10000001
55507000000
100000001
100750000
143058400
10000000001
100000000000000000001
104010000
100000001
405
245500
73
1010000
170600
10000001
260221600000000
186660
14610000
14610000
14610000
17530000
740000
5660200
1010000
2034100000000
100000001
237990000
51
41
1635
1417410000
221200000
7227000100000000
7301
740000
233595594.6666666647467991424
7301
2003
1000001
621001000
527050000
10000001
10000001
355290
1000000001
1001
13141
14610000
1470000
1000001
100001
24100000
40890000
1407
6055
2273000
7666
153310000
2043370000000
1000000000001
1000001
10000000001
160610000
160610000
100000001
10000001
340190399.9999999632564140484
10010000
1114
1606010000
194690
10000001
167910000
4536000
183860500
226810
849500
100000001
740000
1000001
100000001
10000001
4119843865600
1196095000
8031
160610000
92754066.66666665360935439822
14610000
170600
17523
14610000
43299000
18260000
9126
9126
11100
4050000
134713690
240347900
139748500
1470000
146010000
3003000
146010000
146010000
218499000
372838000000
5149200
146010000
9126
18616
11681
11681
9491
13506
100000000001
211710000
7301
304
7301
7301
13506
371200
1807
2641974400000
8031
7301
13506
9856
12046
14601
170600
1001
347260
9856
170600
9856
115899400
700000000
43900000000
92080000000
100000001
10000001
20450000
740000
10221
2044010000
234840
304010000
100000010000
10000001
242870
170600
1000010000
1010000
2003
14603
1604340199.999999788205968798
242870
7301
10574000
1470000
15000
10951
10951
22800
1141500
100000001
11316
414000
9506377.566024689469486474990
266960
1981000
14603
101
274990
146010000
20003
19713
14603
5285710
12046
12046
12046
178630
10000001
1000001
14603
12411
437787350
7301
50400
266460000
10000000001
12776
12776
1470000
12776
1470000
8396
660430
14236
175200010000
11681
15331
21171
309092000
911269000
7666
12776
12046
12046
130000
146010000
7301
14236
15696
258930
20204719.99999999983401721692
13506
13506
1010000
13506
170600
10000000001
7954000000
1000001
10000000000001
100001
27750000
1000000001
170600
304
10000001
24830000
3163
1610000
315140
13871
1470000
9564
63
3167
100010000
100010000
12376
27609450.66666666643982352980
258930
266960
228953067.4783129915595054626
2888
10951
15000
14236
1433500
28470000010000
14236
776500
2930000
20003
10000001
20003
110000
96100
20000
15000
10000001
29210000
10000001
29210000
716640
10000001
740000
339230
411500
18200
12145000000
10001
14966
206591
14966
1616000
347260
113831999.9999999998863131623
1000001
29628922.66666666642322525150
10001
497
1210000
15331
6387280
15331
15331
10000001
266960
10000001
26436000
242870
10010000
110000
130000
10000000001
24830000
194000
2003
170600
28480000
3222000
175210000
430710000
14610000
87434800
7666
1408910000
24209500
1470000
27609450.66666666643982352980
11100
1768570
7301
14603
1470000
170600
170600
9126
266460000
336106090
3587000
16791
7301
101
8761
14610000
12411
170600
10951
2857000
11316
15331
7301
10221
7301
14610000
10586
17156
14610000
30100000000
43900000000
85510000000
12
100000001
120983578
2942000
100000001
343110000
3076000
170600
25000
1000000001
14610000
957540
17521
3040010000
182510000
1210000
431654.5257283949758857488632
313910000
350687983.9999999463543645106
357710000
17886
8761
9491
17886
17886
315140
740000
15000
100010000
8222500
100000001
35232500
1953260
14610000
321940000
40890000
36510000
8031
18251
18251
313525000
35780000
3702533.333333333303016843274
20003
1000000001
353322700
11848
85
49
1000010000
100010000
1178000
100000001
1000000001
740000
130000
9552090160000
18616
304411
167180000
100000001
62940100000000
182510000
16410000
10000000001
306610000
15000
166247500
30049500
450400000
274990
740000
106590000
1000000001
41951845642240
191542000
535100000
40400010000
435590
1000000001
435590
170600
206226
443620
490000
31080018.19180245883762836456
14610000
59359000
211710000
10000001
2725600
31765000
17156
379610000
1908000
1470000
143893000
170600
10000001
157816000
146010000
248210000
170600
202720
4057120
14610000
2346000
165043000
11100
170600
383788000000
167307460
146010000
14236
186890000
15696
7301
14966
9491
12046
37240000
18185247.99999999985061549523
10221
170600
11316
14236
170600
7263280
146010000
12046
16791
1897050
1001
12046
106590000
7301
12776
8396
11681
15696
7301
7301
9491
12046
12776
170600
941035600000000
20806
10000000001
170600
20806
107154730
100000000001
7300000000
1000001
100000001
100000001
100010000
10000001
100000001
11320
100000001
100000001
22640000
2788380
10000001
178630
155407000
2346000
1000000001
12010000
483770
43810000
14610000
2346000
100000001
21536
1470000
6987340
14603
10010000
344900
1433500
110000
32130000
1470000
100000001
1689000
2508400
190000
87601
34320000
18185247.99999999985061549523
395440
10000001
10000001
20003
102213.3333333333325754210819
64
10000001
11428639840000
44540000
740000
50706342400000
100000001
491800
240910000
250000000
100000000010000
776500
19245500
740000
884860000000
17785500
24830000
34502500
16665680
22631
21900100000000
15000
12800010000
239966464
10000000001
1010000
3679813468
903064617.5999999753548763692
124
121
22996
8352000010000
293494089.1069628298282623292
1657600
100000001
431654.5257283949758857488632
2346000
100000001
12010000
740000
2732170
2273000
2382500
14610000
10951
14610000
7493960
7301
467710
304
184060000000
239815000
2054000
274990
170600
4309.666666666666060336865484
1000800010000
11100
210750
1470000
12776
16061
1000001
467710
24091
1000000001
9126
7301
9126
570000
13141
7666
12776
258930
11681
7301
8031
13506
2419000
110000
146010000
7301
284710000
7301
7301
9491
16791
20003
100000000001
72100000000
100000000001
820000000
43900000000
64810000
100000001
71610000
122552
3400000000
199660000
170600
170600
304
227761
1000000001
100000001
258930
13473146.66666666655601147795
414000
13141
14603
204000
1105000
250900
20510000
250900
355290
2200000
7301
1000001
242870
1280200
10000001
148000000
1000001
443620
1543000
133226
242870
110000
40000
64
849500
197110000
197110000
636550000
5903500000
16800000
226810
18260000
73
1981000
8396
15400
2003
226810
1570000
18990000
14610000
133000000
18200
14603
130000
12010000
130000
41
427560
170600
178630
170600
8007.346666666665441880468279
304
14603
210750
1543000
25268000
26436000
14603
22132000000
12010000
10221
14610000
2400784
202720
170600
14610000
5462370
14466400000
7301
19600
14603
14601
8761
11422300000
145771000
11681
331200
1262680
4828000
16061
7301
12452003733520000
683947566199360
2198008000000000
5904007467040
145771000
13506
10951
7301
7301
7301
14236
572100
40410000
3222000
1543000
13141
8396
12776
39430000
8396
429527400
170600
4480000000
65380000000
133420000000
1333300000000
1000000000000001
4488100000000
741100000000
109210000
1000001
1000001
324000100000000
16358
110000
132680164
1631610000
1616000
100000001
1616000
13141
210971
100000000001
776500
258930
20450000
1543000
16070000
319660000
14610000
886000
1000001
304
7301
1000001
1000010000
8417
110000
1470000
10000001
4025000
170600
146000010000
170600
122641
170600
13473146.66666666655601147795
507554806.0841341018676757812
1000001
2163500
100000001
3660000
111919000
14610000
100000001
1000000001
304
100000001
298571
148840000
100000001
215350000
100000001
14610000
7301
250000000
531450000
64
7301
1032000
10000001
24304400
740000
14610000
100000001
102213.3333333333325754210819
10010000
85
15000
2346000
24090100000000
14966
12046
29940000
14819461.33333333321161262575
395440
20450000
170600
124
6288000
1210000
18990000
691340299600
14603
7301
7301
11100
11100
548010
941480
1470000
3076000
3559260
43810000
154551000
740000
7301
404010000
7301
266960
20806
10951
12046
14603
7301
7301
15331
3149000
218780
12411
7301
8031
144566500
11681
1000000001
226310000
12776
30100000000
106870000
14966
15331
6578540
44540000
9126
8761
12046
11681
12776
13141
17886
776500
146010000
10586
12776
959000
146010000
156490000000000
1872960
18981
5904020
304
170600
146010000
14610000
138564000
170600
300000100000000
12776
1470000
14610000
7666
13871
16426
22266
14819461.33333333321161262575
7301
12411
170600
11316
20003
4252
339086
7301
7301
8396
7301
17886
46090000000
65800000000
100000000001
10000000001
30100000000
2866399999.999999977262632456
30100000000
12
100001
497971420
10000001
3000100000000
100000001
171700000
4590000
339230
740000
5818110000
26290000
31400000
38700000
45270000
170600
6507000
49276
9682500
20559500
174958951300
2419000
14966
24091
14601
13871
10586
7301
14601
7301
16426
1470000
11681
8031
7301
2200000
11681
7301
12411
18981
12411
19346
12776
110000
4590000
100000001
234840
197110000
4932390
2997160
100000001
7301
170600
10000001
52380000100000000
1000001
10951
13141
18251
7301
7301
7301
10000001
14601
13871
9856
7301
10586
9126
10951
14601
16061
21536
17156
14236
14236
16061
15331
7301
10221
100000001
40881
59861
3580000000
30100000000
244060000
113740000
1616000
14610000
7301
130000
41620000
170600
11681
7815160
170600
4682000
16838933.33333333319501434744
515890
1689000
170600
10951
7301
2346000
13871
323170
252216
2003
740000
8031
13141
7301
11681
454123000
10586
13506
7301
22996
7301
11316
7301
24830000
12776
16426
10951
14966
299080
14601
65418000
11681
12411
12776
7301
601120000
601000000000000
30100000000
1000800100000000
100000000000001
2388100000000
13473146.66666666655601147795
1762000
21180000
250900
43070010000
740000
7301
170600
5109050
1470000
146010000
170600
14245000
1835000
7301
10221
2711000
1470000
11681
100001
740000
13141
1470000
12046
7301
9856
12046
10221
12046
740000
1452325000
11316
14236
4896319000
100000001
118000000000010000
102330000
32994709.33333333306222812098
151000000
1944500
110000
110000
483770
7301
427560
105768750
1470000
2273000
13473146.66666666655601147795
15696
1316600
45552
48784
203
4309.666666666666060336865484
9126
12046
6352450000
12046
1013750
219000000010000
11681
12411
13506
9856
12411
7301
10586
17886
14966
7301
12046
13871
1981000
9126
7301
7301
7666
7301
14966
7301
100000001
11681
13506
7301
75921
1000000001
3050000
290759800
100000010000
1142896000000
6480100000000
293200000
3132100000000
1908000
1210000
258930
3003000
18000
34490666.31111110098187863412
14610000
14610000
21180000
170600
23370000
170600
191021800
30827680
11681
7301
9491
10586
10951
15331
14236
27741
10951
12411
9856
12776
3139010000
7301
13871
8031
14966
10586
10000001
2492000
13871
14603
6385820
11681
20076
14603
100000001
1000000001
3149000
21180000
14610000
271789000
11316
1010000
10010000
16070000
170600
7301
7301
46730000
170600
740000
769200
9126
11316
14236
13141
17886
849500
7301
7666
9856
20940560
18227725000
1908000
10586
7301
11681
7301
9491
10586
7301
13506
11681
14601
11316
13141
4450590
100000001
18133126.63703703437931835651
14610000
10000001
740000
3076000
37970000
18000
14603
411500
3819
740000
45270000
1000001
1500100000000
8395
560400
20000
15000
20000
49
10221
11316
86141
2346000
11316
11681
14236
7301
7301
12776
14236
12046
7301
14603
12411
14601
7301
233610000
14236
9491
11681
15696
10951
507860
22631
11681
13141
7666
5028640000
2651350000
170600
110000
133000000
917390
2844590
7301
10951
170600
8851414.399999999927331373328
157541.3333333333321206737310
11316
7301
9126
165
124
12046
51810000
13871
11316
14601
9856
10221
3222000
142716
10221
12776
14603
12046
146010000
13506
7301
7301
7301
7301
16120
255510000
15696
1210000
3240100000000
14670000
2340100000000
10000000001
100010000
10221
10586
1470000
13141
15331
11316
13506
7301
7301
12411
3952000
1908000
7301
3879000
170600
11316
10586
14603
16061
12411
7301
14610000
15696
7301
2728000000
7301
14610000
170600
9126
9491
12776
170600
304
7301
740000
11681
10010000
7301
7301
7301
7301
13506
11681
110890000
15000
7301
7301
12411
146000000010000
7301
43
13141
740000
7301
12776
1792000000000
7301
7301
10010000
7301
100010000
7301
43
1200010000
100000000001
100000000001
10000000001
3100000000
3100000000
65800000000
100000000001
100000000001
10000000001
10000000001
67990000000
43900000000
10000000001
36100000000
43900000000
24119039999.99999632564140484
1000001
193
1000001
353398
66188
852820
183558
40210000
109763974
100000001
309860
10000001
7368
16575
100000001
406960000
20000
78800
141400000
7301
110000
1600000000
110000
100010000
8396
15000
8761
20000
312200
10010000
9126
9126
20000
218780
27
9856
1010000
10221
10221
15000
15800
10951
20000
65
16000
740000
11681
11681
38100
15000
12046
15000
100010000
12703
37
1000000010000
13506
13506
238702600
13871
79
20000
13871
13871
323170
15000
100010000
83
14601
20000
15000
15000
1076740000
15696
16061
16061
16426
93
15000
16791
15000
2102400
17521
49
17886
1010000
411500
18616
18616
18981
53
109
15300
20076
21000
21200
1210000
12210000
19856
8398650100000000
67
13410000
147
26281
16010000
162010000
169
18700
179
29000
1930000
29200
190738.1333333333318478253204
30800
13871
7301
10951
13871
31078800
9856
12046
17521
22600010000
10586
16061
15696
15696
11316
13871
248680
10000000001
3674000
4590000
7301
12046
9208000
7301
3714020
1471460
67891
13871
71906
7346500
7301
10951
10951
11316
15331
13871
16061
170600
7301
24865040
10586
15696
10586
250900
10586
1000000001
7301
7301
12411
11681
8031
12411
204410000
14966
110000
78841
100010000
109612000000
2959200
15340000
1010000
16727000
110000
174480000
17603000
180320000
90886
91981
7301
199300000
3004
7301
1000000000001
7301
13506
7301
959000
11681
64
220470000
18616
13506
15331
7301
7301
1000000001
12411
12776
16426
16061
9491
11681
12411
7301
16791
7301
7301
7301
12411
10221
11681
13506
7301
11316
12776
8396
9491
2054000
9081847000
16426
19711
7301
13506
19711
20806
7301
70081
70260000010000
10000001
121181
126291
13989500
7301
143446
7301
73366
338540200
11681
17521
7301
12411
16426
7301
1000001
11316
13506
7301
11681
149651
14966
22631
7301
9491
248210000
16426
13871
13871
18251
39421
100000000001
506000
249
110000
10010000
14610000
31327000
320480000
33006000
3647590
14610000
5047000
5285710
170091
34101000
3452910000
173376
35050000
177026
329183935.9999999972944806360
22942486000000
69871000
2857000
83586
76
11100
2419000
7301
24041600
10221
11316
13141
4098000
10951
13506
10221
16426
10951
186151
13506
886000
13506
20076
20441
13871
12776
10951
7301
14236
24830000
17886
7301
13871
25
881000
488500000000
9600100000000
9332200000
1000000001
100000001
277526800
1000000000001
226810
1412
704
427
469
9856
13141
4482710
206226
14236
215716
215716
1000001
217541
10000001
9856
12776
1000000000001
12776
22631
7301
7301
7301
7301
7301
7301
9856
76286
18616
14600010000
7301
13141
16061
100000001
7301
10586
25186
100000001
284710000
1000000001
1000000001
100000000001
45343000
22932000
232871
233236
373750000
1900000000
781
284710000
48847000
14603
7301
252581
252946
25414000
9491
2565000
1916200
1600010000
91608
16400
65
9856
13871
7301
14966
8127600
13871
16791
7301
9856
13141
18616
7301
22085200.00000000290469870378
14601
8396
13141
23726
10951
16061
740000
100000001
1470000
7301
240910000
2090500
52497000
5823720
146740000
270466
270466
12046
7301
14603
1000001
19711
1000000001
194010000
56064010000
36360495.99999999970123099046
40160000
135900
6241280
14603
283606
1500100000000
587700
100010000
1000010000
15000
4231
6096899.674074073845986276866
13300
75200
151
2054000
100010000
3513
20000
297
5929000000
2830
80200
25
15000
15000
1908000
7301
2054000
7301
7301
15300
82910000
2439
14601
13506
37
2273000
11316
7666
7301
12776
295286
1470000
7301
242870
312076
12411
22266
7301
7301
29201
100000001
124400
4192384000000
1000000000001
133075000
3100000000
202720
1000001
764820
487849000
4506800
210200
62206000
34363800
6980040
12776
7301
2564480
326676
11232
2641
7301
11316
7301
7301
283020
13141
10951
7301
12411
13141
16426
14601
15000
7301
23361
7301
8396
10586
11681
30660010000
7301
11681
7301
9491
7301
13506
31808800
14603
14610000
12776
17886
10586
7301
153310000
274990
15696
100000001
562110000
7301
7301
1000000001
684160
3298397800
175570000000
273100000
10000001
28302000
7301
7461840
13871
170600
10000001
12776
347116
100000001
7654560
18251
349671
274990
8031
12776
7301
7301
197110000
35597500
150589000
71404000
356971
14601
1000001
10951
21536
7301
8031
753
22000000000
7666
11681
18616
468100000000
1000000001
15000
12411
7301
7301
19346
7833
14236
17156
146010000
13141
7301
12046
52
205984000
10000001
12776
13141
14236
7301
12046
13141
14966
7301
7666
11681
12776
340546
7301
9126
7301
17156
14236
57960
62888
100000001
10000001
652400
29201
29201
10000000001
10000000001
10000001
820000000
30100000000
30100000000
30100000000
3100000000
74560000000
460000000
43900000000
10000000001
43900000000
10000001
10000000000001
100000001
100001
1000000000001
14610000
36501
1000000001
117487676800000
4307010000
142880200
1000000001
129200
17843680000
18260000
1543000
1000000001
171854920
14610000
79597000000
35041
807040000000
10010000
100010000
146010000
10000001
170600
45822820000
2693500000000
120520000
250000000
374490000010000
22000000000
100000001
785714320000
365010000
13268678050
1068500
16070000
3254524
100000001
813100
3550000
10000001
786873880
1889906734
100000000001
306610000
1000000001
255000100000000
226810
19928000
100010000
10010000
2719000000
42980200000
1000000000001
10000001
7334967284800000000
456100000000
166165000
100000001
104665000
85
1000000001
30100000000
160600000
110000
100000001
3266589539999999.500287231058
100000001
100000001
100000001
1000000001
100936540
154870000000
100000001
10000000001
10000000001
325480000000
10000000000000001
100000001
7000000000000
10000001
1000000001
100000000000000001
60000060000010000
12000012000000000100000000
2000000000003
586600000
6114852
11322000000010000
100000001
100000001
