2
126
3
4
597
67
60
1020
47
10
1151
167
414
154
48
2744
199
30
8
59
183
8
917
135
2679
7
950
442
1211
18
115
15000
49
498
61
3514
5
2015
1717
356
15
369
52
45
923
285
263
189
134
39
196
2742
461
148
42
64
49
1451
503
45
13803
232
80
179
3256
55
256
38
46
13
30
251
51
105
27
328
853
109
525
1130
13502
183
132
6133
204
161
96
342
251
904
278
3423
44
188880
93
136
1097
22
1148
33
199
63
182
168
303
64
73
9
35
188
649
4850
103
694
1959
66
5
2102
95
65
1342
21
266
662
1041
57
3
5643
7
5014
468
104
606
12987
439
11
878
83
294
142
398
261
203
144
1004014
14
73
7858
6
114
655
252
736
262
15400
70
99
204
547
2292
91
110000
1549
345
99
20395
172
9382
11270
56
560
311
101
4342
22
26
283
17
191
1122
512
326
1588
16600
7368000
39
26670
194
16866
19042
7
220
149
2940000
786
213
10313
295
102
352
759
393
1600
219
93
36
41
2039
921
73
257
73
22
13
102213.3333333333325754210819
489
113
274
42
3957
117
2099
19771
11
886
422
723
540
257
35
245
484
1371
418
885
313
750
21
748
82
17
711
361
110000
10000001
1000001
576
350
35
37
172
1478000
438
1475
811
43
9001
429
1698000
12712
10001
344
202000
100000001
110
217
15000
16
40
8
1398
152
19
39
456
61
198
519
360
9102
485
8790000
694
315
26308
479
130
10
3
10000001
1000001
13415
6612
26305
277
233
280
13108
787
271
84
445
110
1000001
10631
1036
1445
17
247
467
1596
2346
395
240
589
100000001
121
459
993
250
1279
677600
175
280
855
13
517
1336
637
71
388
186
2777
125
83
18974
2156
15
67
252
1923
258
34
423
153
100000001
26792
27969
25
2193
2448400
127
20300
9642
22996
57
13506
97
40
100000001
193696
10001
2529
100000001
214
291028
20500
41900
13190
25
183
614
194
1010000
123
47170
1979
354
210
20100
102
244234
587
110000
122
111
11
41800
111700
964
3640
3232
150
939
7942
1365
117
57672
454
1713
477
145600
1786
16874000
1859
1509
10900
2356
1085
266700
533
82
91
209
210
455
4
792
9838
1553
1000001
4210
325
226
1861
12381
10916
307638
377
200
780
255
957
359
865
760
10266
254
10000001
6263
10010000
20500
159
10000001
100000001
2075
10001
3517
393
167
4122
1265
391600
132
79
252
1589
3378
2930
87100
110000
412
2
203
10001
271
15277
16600
15012
13222
3283
218
643
148600
6225
144
63174
3357
23
8124
138
45600
193
148
19944
1053
32300
2824
36
976
2003
3866
8168
228
2628
2090000
260000
21765
23513
9327
7819
12750
22500
214
1000001
10810000
5707
2223
20771
2
253
120
1000001
857
21451
702
3474
1797
553
528
51
1036
260
49600
102600
1137
38138
2142
635
136
474
352
18745
106
6239
2479
126
306
208
479
290400
32
124
28900
2223
8320
181
169
80
1227
926
929000
100000001
314
424
276
170
760
375
241000
259
656
16861
1540
5106000
458
862
998
172
615
536
72
118
363
302
142
17137
2272
726
888
22782000
100000001
9028
68
611
294
2003
246
19
1368
2790
238
151
642
88
6
320
792
196
4022
10001
15558
722
4501
165
7817
118
302
2339
122
27954
1066
59
168
3361
876
2606
166
150996
4050000
60630000
78
10000001
143
319
23
13858
2499304
1000001
11872
316
564
1000001
78
2675
47
178400
120000
511
133
413
5219
19133
97
3
170600
61
15698
21
43
49
100001
12
3963
13
15696
100000001
1470000
73
27608
1000001
49094
28
8263
3028
73
522000
8838
75
423
153
8640
161184
73
320100
1001
687
2897
22744
695
9230000
467
891
3494
187
1564
15400
4
565
8494
775
110000
2154
15990000
6311
10000001
1116
263
1251
100000001
73
466000
229
131
439500
1000001
102
203100
1138000
2286000
10000001
591
1523
10000001
23600
196600
6005
412000
1000001
350000
8710
29000
2164
242
100001
1000001
100000001
35410000
37
2296
233520
36800
641
15573
1010000
100000001
275
1001
301
1981
582000
100000001
10000001
1010000
9373
33562
1126
566
1247700
212800
11738
80
11901
211
10010000
810
787348
16600
1789
539
1505
14826
551
399
595
12390
21800
436
472400
2003
7907
10010000
4655800
2003
815
1183
10001
561
10001
473
331200
292
774
94200
19551
1308
102200
11518
6736
960
3148
758
980
1042
1000001
50
3610
463
276800
116
12860
560000
440
819
10000001
1171
1916
797
18744
11523
206
100000001
17610000
1828
1919
188596
1751
1384600
727
358
59800
1139
8616540
322
2454092
4259
50400
26478
14004
699
1000001
356
243
100000001
100000001
824
41000
1010000
293
14000
8055
46400
933
2160
1330000
1411
121600
559
506
2370
473
1642
18316
20392
433
393
5024000
5052
22988
842
52
100000001
115
532
28400
13674
2437
6569
1000001
2481
1000001
272
102352
209
857
10001
4675
101
42
1203
658
156
937
1005
739
178696
35476
1117
6973
162
50
79
1060
6318
73
32
10010000
8075
1896000
327
2710
26310
70490000
3093
100000001
661000
14253
85
240
1364
1010
784
448
2137
1000001
3234000
3216
1343
160
127500
2581
3183
42274
2003
12491
1675400
100
266
346
1013
1056
2957
10000001
29
19500
772
62
100000001
47200
5397
370
25247
6535
890000
266960
6901672
10000001
10000001
73
10000001
1010000
34838
10000001
1000001
708000
100000001
100000001
10000001
100000001
10000001
1135
100000001
100000001
10000001
10000001
322000
2003
1000001
100000001
9311
1244
10000001
1000001
918
11893
100001
4050000
37
499
21010000
100000001
138000
19291
6248
563
23600
563
1961
1207
22577
235
7264
671
24200
273
10010000
6489
38
145
64
107
1609
28810
124
1010000
216
1660
1438000
22500
22598
78300
181300
12255
100000001
943200
21000
2964
13726
1890000
7470000
16600
3672
13170000
409
328
499
13124
2725
824000
7219
685
795
1000001
431728
672
2335
237
396
337
200
151100
1632
61
216000
7595
457
155
448
405
1404
108
10000001
43670000
100000001
740000
305600
1010000
414352.0000000000532054400538
3179000
161
74
15444
463
50900
123
45
1038
1216
142
6132000
624500
1246
8963
2270
100001
577
100000001
167806
236380
278
203
7386
5471
1853
1504000
577
4949
36500
648
357
410
142000
16600
84
14136
227
46296
1315
73
3253
4717
110000
2408
3675
231
168800
418
504
17610000
363
25246
272332
3284
1000001
128118
100000001
166000
2003
3027
1010000
2319
1010000
25
12321
2173
110000
779
62800
18
318
593
10000001
63400
294
192
37
1001
10000001
995
414000
218000
562
16
3985
1471056
90
684
518000
130000
1010000
307
1010000
96
7
1000001
100000001
1892
35000
260000
22500
27
184000
6265
88
100000001
40
161
77
280
539
19381
758800
100000001
1110
3067
966
67
147
1859
366
214
935
20500
90
15000
957
148600
10000001
1000001
1000001
44000
456000
10000001
7684
1072
13860
3590000
424
615
49000
4891
4431
214
287
1182
238
44736
13464
854000
1801
61800
604
16
4104
132672
2482
98800
3864
139098.6666666666656055895146
15
2190
141
6437
802
1228
1023
85
99
5210000
1000001
39000
135
84210000
15000
1499
1123
6458
100000001
2780
11774
186100
5854
4932
4886
2766
10887
430
2455
537
321
1161
20500
20013
6635
751840
21010000
220000
57
10000001
1000001
2362
10000001
51610000
229
2073
237
100001
31210000
100000001
1011
18980
1000001
43572
3273
10530
1072100
10622
310
1794
15159
1612
2533
1426
688000
11276
3974
340
9225
318
2571
1190
27226
2474
10010000
7914
47300
364
897
351
77408
2443
109
15610000
1794000
10000001
291204
278
572
206800
594
95
3749
110000
2119
21726
304
133
48210000
222
16500
3013
10640
100001
20000
331
446
1000001
680
586
10010000
13872
426
617
227800
46
5365
28748
1405
1282
1000001
1595
544
6535
334688
27967
411
1109
56452
75
3951
2499
88440
13652
1944
471340
100000001
16510
1000001
158
515
34410000
1852
1817
354000
568
1000001
26309
2106
2590
371
1010000
11766
11259
28260
914
203600
1470000
32308
243
1719
557
24838
336
334
20600
2137
137
188
841
579
138
9890000
1359
2167
9873
100000001
10000001
12068
256
838
1071
1263
1043
28800
95
1226
202
10010000
106
1071
5441
4227
1692000
5473
8898
60
403
513
560200
6063
100000001
10000001
9
3086
1304
21698964
1155
1010000
4208
164
4139
100000001
8745
246
712
1888000
130
608
1672
64400
1722
4384
545
1459
388600
107
21400
1373
230
270
10000001
3001
618
1000001
707
361
386
32616
700
21
418
2770
5877
156
51200
44610000
120
1647
1000001
1000001
4449
11804
1908
100000001
20000
1561
5997
7566
1604
315
478
1254
10001
100000001
1000001
1466
4030000
40210000
25808
3083
773884
3920
12933
43
920
1099
817
10001
4050000
2250000
13212
996500
10000001
613
162
100000001
178500
27234
41
22720
10000001
590
465862
2403800
7346
11100
1227
10000001
17040
68200
292
9923
316148.2666666666641503979918
728
12
5580
2463
141648
140
527
1282000
2757
24872
3421
571
115534
281
400
3770
703
60350000
10000001
10000001
719
256330
71666
9567
10000001
10000001
222000
100000001
100000001
100400
7949848
9494
100000001
10000001
599402
70
7347600
2243
309
73112
33
1010000
760294
658
100000001
2615
85
194690
17279
32673
26885
463200
89
421
94000
5534000
160964
365
381
555
365
8213
1621
5
1049
7613
319
349900
573
9
8683
13
699
133
10000001
77
65
26829
365
4730000
31780
4257
391
2118000
711
77
1073
8947
211
29
4129
31032
1489
737
1787
2930128
1263
1193
100000001
2085
10000001
390000
4981
2301
4311
509
100000001
1355200
342928
17260
6255
674000
71
11584
19700
61
49
65
49
100000001
12684
1210000
459
3003000
63
60956
16426
7301
3013
20
17886
10000001
28224500
410400
10001
14610000
12068
20003
1000001
85
7301
13230000
9516000
61
49
2127000
7301
170600
7301
110000
275211
7301
7301
242870
55034
1000001
7301
1068500
1433500
203
7301
16426
15696
85
14603
12858000
194690
21
430000
12750
42010000
65
34
38
79
40
55
67
68
12046
130000
7999
7301
493
226810
14603
10000001
31300
20000
224
151
15000
2038
11316
28
19
11100
85
61
337991
7301
22266
1000001
7301
18981
12
18251
10221
7301
170600
28
15000
97800
10000001
19597.25531914893872453831136
1000001
2003
110000
4050000
10000001
135884
10000001
164900
2003
1000001
10000001
63010000
848600
614400
66210000
6695
5355
2824
2001616
2707
246800
10000001
323000
31057
3745
942000
6406
1000001
756000
760000
100001
100001
6829
10001
10000001
490590
1000001
10001
2121
481
3273
100001
127300
1174
100000001
1000001
3090000
1000001
100001
925
174
16003
100000001
100000001
73
175
340
26082
100000001
100001
99856.00000000001182343112304
6794000
13472
10010000
7852
16600
43900
29400
1178
1010000
10010000
1198
658200
442400
110000
10000001
1000001
10000001
1000001
1000001
100001
6210000
100001
10001
382541.8666666666636047011706
4790000
133
1581400
13010000
1010000
100000001
1000001
35200
35200
22600
12772
127
10000001
3436
36
91608
203
290000
17766
282000
978
7475
10000001
40400
19222000
563800
10001
5890000
11939792
6873
1000001
1210
7561
100001
67800
100000001
1000001
10000001
100000001
100000001
151988
9069
343400
10000001
1000001
42538
88200
9248000
76200
332
100001
100000001
1000001
746000
1000001
30800
1010000
50630000
51850000
1000001
100000001
1010000
1010000
1010000
1037600
100000001
25900
10000001
85174
100000001
10001
2315
386900
100000001
822
3377
1000001
10000001
2768000
4050000
1058000
65616
281128
116000
116000
54
14747
291
884
40800
309
2003
317600
98800
1416
214000
28240
17400
58800
107600
1010000
14081
28900
190
731
588
103200
1271
907
1000001
1000001
13124
1010000
1001
1000001
45000
176
14862
7429
1000001
100001
282
768000
155000
29332
6340
784000
2618
197
661
44386
7119
2693800
4880
5227
1767240
647
48700
1000001
224054
1090000
105688
82600
11100
1201
257
11351
2154
737
4266
447
100000001
2936
19031
93446
2243192
101058
10010000
10010000
116000
6350000
2739844
359
8966000
4637
1168
3213
26210000
147654
15000
1000001
7834
1000001
28612
1000001
1186000
1001
85
43
211
472
2090000
20025
20400
20400
186000
10000001
43000
100000001
441117.6170212766519398428500
20000
1010000
12333
10000001
100001
15000
1000001
480
10001
2003
100000001
10390
110000
361
2630000
752000
956
1499
2589
1000001
10000001
203
1000001
70
15190000
11022
6259
6202
55600
40900
1010000
1010000
15200
456264
70918
178000
1384
72600
9430000
178000
37888
26800
104200
139
10000001
10000001
83260
801200
82410000
82410000
2157
6571
1526
490
10584
834000
51200
1568400
51610000
350
10000001
10000001
34200
50400
727
219144
1000001
1000001
100001
100000001
100000001
79800
348
110000
188900
100000001
2758
10001
2153
1000001
2248000
100000001
10000001
100000001
529
114000
414000
46400
46400
414000
414000
15575
7170000
333664
71300
71300
2206000
3800
1398800
12859
36
32044
6470
3681
284
15302
10001
213300
5015
346800
1000001
58600
244
23244
1549
223210
511000
84
1000001
368
9234
10000001
100000001
100000001
888000
2146
9552
7857
100000001
1000001
159
19958
11110000
10873
10000001
4392
954200
1139
37610
66000
1337
9405
529800
1057
81600
1812000
53120
1001
10318
11120
666000
83810000
83810000
3339
404
309600
27807
150
76570000
1000001
1001
47268
100000001
110000
2003
1000001
2594
690000
491200
2407
2826
1705
23134
598
100001
50200
30526
2914
10001
4450
16600
75098
71
120000
1101
10000001
1000001
1738
861
42550000
100000001
353486
360000
68
1470000
1000001
100000001
10000001
2374
1076
100000001
1000001
1100
3564000
42290000
1010000
1000001
100000001
10000001
10000001
100000001
100000001
1000001
100001
10000001
1000001
1000001
225
10000001
28900
2162
190
1000001
5335
100000001
10000001
122200
110000
9970000
17688
10010000
41500
10010000
21298
3046000
161800
1519
2721
5202
16337
1313000
140800
2120200
1010000
29404
100001
20600
52824
15302
34100
2181
43
2316000
524600
23021
100000001
1000001
1000001
100001
532800
2423
10058000
10058000
5025
10000001
3165
10238
311808
22200
58800
10737
10010000
85
1010000
247552
100001
27700
27700
148
108824
512000
512000
35100
5440
38400
4812
16248
171920
9213
100000001
895444
9200
942
1926000
14755
23400
302
1295
1125
8826
1086
23370000
100000001
1094
1025
1881
6415
23537
2115
1134000
563
100000001
17766
613218
872
200542
19755
103100
932
100000001
10000001
15918
28323
100001
1731.000000000000227373675443
1645
5570
629800
12552
1000001
2872
88936
226000
20800
31600
109
50018
2690800
18074
100000001
10000001
51800
1457
10000001
343
10152
29142
283
29370
66
23362
3483
997
448500
100001
1578
2532
3930000
7948
2169
10442
15410000
5902
2001
1550000
118474
20100
20100
30200
22328
10010000
10010000
102213.3333333333325754210819
783310
308000
283
13432
2462
2152
41200
157
415
231300
1904372
30860
339
60200
24900
150
582000
389392
159
56400
56400
233
1127
220400
93600
51800
419
127788
3250000
10000001
3840
19833
28925
100000001
100000001
1001
1000001
10000001
110000
4390000
100001
10001
2080400
290000
20000
23
100000001
784400
2794300
1590000
1072
1000001
3779
1000001
16556
1270
21521
100000001
4302
10001
6636000
1000001
187
753544
31320
26400
28
1015
1006
100000001
4870000
8947
15000
20000
430000
34200
5844
52000
52000
694
211
22683
3012
301500
185978
10000001
1231
1000001
10000001
478
25313
1016
1330000
59590000
100000001
11298
12244
1445
625680
20000
10000001
28170
108500
8923
73500
11732
189800
540
10010000
2714
25400
1455400
10010000
126700
29500
526800
15357
578800
24800
110000
15000
1651
100001
546640
519
1570000
100000001
100000001
12574
1000001
20000
1456000
12872
414000
30200
2585
94
221600
1059
834
1018
80010000
5016000
3890000
14488
205
10000001
44610000
100000001
14256000
542000
292458
87210000
24600
147
24037
764
6990000
100000001
90000
33610000
876400
43600
1000001
1000001
2003
8784
44410000
4450000
3022
617200
2313
269182
1010000
100001
100001
472400
10000001
100000001
253000
100000001
34420
1000001
10000001
318000
1000001
100000001
210200
470000
20000
20000
20000
20000
22090000
2180
10000001
10000001
1424
661
100001
97400
438
1000001
20297
405
59044
4030000
1000001
10000001
33400
1000001
100001
22320
100000001
5237400
35550000
213368
32810000
100000001
482
167400
67660
6799000
227
3305
4436
218000
218000
2644
1000001
319980
34978
100000001
1010000
818800
21682
10000001
3930000
15610000
1000001
4374
2109
723
1000001
155400
170000
10000001
10000001
4050000
40400
153
13944
100001
100000001
4944000
110000
24432
1000001
239500
2296
37632
1569
6947
1555
24909
852000
852000
852000
19262
255800
1230
852000
52100
24300
12232
651
94200
5360
786436.2666666666602850455092
19262
2847
8810000
8498
651542
8499
6608000
1000001
1000001
466
100001
22716
3553120
507
100000001
6278000
358400
154
14610000
737400
50400
17524
343
138000
35000
251
36700
11100
110000
576
9
4183
19994
52636
1362
26000
9240000
15969
1136000
1136000
66300
1099
26317
918682
11307
564
38248
1285
4044000
5804000
271400
102334
4198
1000001
86210000
12212
2600
8247
1000001
22046
102200
25928
1057
2360000
8353
10000001
53648
5356
23800
1974
10001
1330000
11935
100000001
1000001
10001
4164000
100000001
1928000
12880
1928000
177200
400000
39010000
29426
2348000
2737
1000001
24916
679
1000001
9036
275
4358780.799999999964256858220
2556
15610000
1292
8285
12335
26654
11164
1162
4721
318374
17970000
1156
43418
1009
178466
6815
385200
9224
13440
2199
1001
1170000
599
6506
729
290100
11610000
15324
158000
158000
11628
1952
17400
75
706280
2598
331600
1938800
5806
58800
26914000
1000001
14052
10000001
864
438400
8006
2554
130000
11320
11320
22000
2729
19614
14898
231
781
8629
7029
12136
2611
1296
3222
1796
888000
19658
53900
170688
25921
14702
105
7036
565
950000
260448
100000001
179
234000
491
85
73
265200
740000
1068500
73800
100000001
89728
3259000
4469
3143
1000001
140780
9406000
26431
4699
311000
674
15021
2633
18950000
4224
3677
16725
74328
5686000
2839
1297600
3712
10000001
2047200
59700
20934
178800
3386000
10030
90674
89600
1641
130
155
419
3340
13206000
7821
17788
355
1000001
20828
3106
29600
29600
2207
6854000
10330
538
451
10000001
3787
9847
335
26200
155400
2517
19306
40140
831
17282
2020
234400
391
21902
398000
19423
368
11159
10001
16746
42000
14927
607
10000001
13960
268
124700
15835
14619
18894
225628
4770728
65902
6462
31210000
1000001
1503
17062
322
11100
8552
9992
885520
767000
1000001
8729
680200
100001
19473
601624
16742
21378
9970000
210196
22032
9970000
5321
65776
324736
1006000
22202
3714
5228000
2610
14346
58106000
9041
9238
352
10000001
1000001
2534
10000001
14402
369700
1714
6818
1024400
21600
33200
3812
144600
106800
5469
20000
2
46366
1654
237600
1396000
96600
183200
183200
6219
867
100000001
20003
100000001
2575
3120000
5771
100000001
10000001
14610000
1010000
10000001
2624000
1000001
122000
100000001
1000001
225
578000
3266
275200
1581
1000001
8613
108670
458500
1654000
9912000
607
286804
12583
100001
4328
2368
28994
11355
100001
1000001
578678
378676
1334
626
1533
191038
86440
423000
2066
565660
90850
1000001
21625
60410000
1164
270612
11847
40
5934000
26478
46400
46400
28200
46400
9172
46400
28200
34200
17730000
10010000
70698
2760
2530
1972
86846
6170000
100000001
518000
284648
515
120300
14764
1145
1000001
677680
100000001
27400
27400
88
1000001
1804000
1804000
898
4834032
527600
1000001
307600
10010000
1000001
58400
34200
558100
252
1000001
1010000
126000
909200
412000
3570000
100001
10010000
410400
2003
289180
49307
100000001
6950
40712
620000
14602
832870
2563
977
14048
100001
152384
979
2472000
28
8764
2671
414000
5943
3421
2327
7134
1491
100001
1000001
10000001
4404
39930000
1010000
1710000
6717
3071
33800
120
11918
347
10001
15566
10010000
1010000
67600
289
411400
346
75400
75400
10010000
10010000
10010000
110000
4408000
21480
10010000
66000
10010000
3279
110000
195900
467
28000
91
1463
621
68400
153330
806
637600
77694
293400
1000001
10000001
66970000
66970000
1665
66100
562
2694
49688
2173
8275
601
5919
3950000
8977
1482
11283980
23400000
199200
11100
15000
13478
199200
212554
9208
100000001
10000001
1000001
4080000
1000001
20000
3710000
7677
7209
260860
236000
12486
926000
329684
19867
6428
117338
1070000
1000001
1000001
1702
4707
1322
407
1000001
40010000
4010000
208828
280000
30000
1000001
199420
82300
253958
100000001
1980
1000001
9190000
1389200
1112
43370000
48544
1000001
59896
1010000
72000
161580
39010000
672000
1000001
1000001
100001
1000001
25148
15000
18800
60402
246900
260470
2681
10010000
26200
26200
5515
100001
8402
2920
803
9233
1057
2631358
28400
194000
19200
93
371680
2003
10000001
311200
27452
25638000
41328
10000001
8642
1033
1354
100000001
5003
378874
2648
2023
228
16226
12024
1614
82886
1548
100000001
100000001
10000001
100001
15000
100000001
10000001
9203
1360
43176
2128000
5498
405186
17964
70800
460400
110000
1000001
10000001
363200
458
5777
100000001
12708000
249778
121122
1396000
1396000
148600
25246
394
1093
110000
100000001
12090000
3926000
401600
401600
9734
403588
178200
4084000
1000001
2138
100001
85096
43936
3572
10336
20000
11100
110000
24
85
28410000
9287
32980000
672000
12156
948
162526
697
53692
7055
640000
41500
73000
316
1575
561520
3840000
3840000
530
1871056.000000000244881448452
17711
7455520
393000
51
672000
6630000
46800
5397
37232
371
1670
36810000
50722
730000
82000
17920
17920
10942
17920
46000
82000
145424
36810000
367632
128
539552
1000288
36810000
5920080
30240
3597
185
3787
37850000
1893
8862000
168
3454
14423
1996000
994
2935
5368
1083400
7578000
10000001
1818
19300
10010000
45050000
283100
10000001
20762
48700
2553
412000
214880
17984
7512
1000001
11766000
100000001
10694
10000001
10000001
100000001
10000001
179000
365000
41547000
1000001
100000001
170600
14444
100001
1692
283100
20000
15000
50
98000
14610000
110000
41460
100000001
691
171800
46718
13545
24630
304
1000001
804
54540
412
378
7703
136104
1000001
1397600
338152
899
5887
726000
359
41800
48010000
15423
46180
28720
1324000
294000
396000
100000001
1000001
73
322000
102000
100001
10001
10136
40800
2004200
33810000
1570000
1570000
781
14620
110000
47334
10000001
1000001
1725
1530000
25808
77
642000
317
1000001
1310000
1310000
2129
165220
154560
203
111010
73960
140000
16500
16500
140000
500
12464
10710000
63500
536
1349
352500
1806
40600
20670
15000
426000
1080
219
92200
804000
3971
1000001
1000001
41200
21810
630
1634
401
3050000
53
51
62700
1000001
20900
4124
16890
14654
918000
1368456
15520
728000
8187
45900
7190000
155036
15400
10638
10000001
1000001
1121
20
2245
70800
10000001
184
20000
847400
102114
1000001
642
25215
232700
27563
100000001
1000001
2003
71300
1000001
818000
100001
5072000
44610000
10000001
69000
80862
591
323000
20000
3029
2018
2711000
3710000
10750000
4619
10750000
1084000
249502
11100
538
23800
695000
37400
37400
23700
138
7130
1520
191600
10341
100001
110000
1440000
1000001
39700
34544
2066
23529
254100
10001
100000001
400000
3327
1877
320400
165200
405
18528000
2624
249600
10010000
1000001
84866
46000
181
106600
967
21180000
10001
10001
1722
349600
56266
7801
7214
10000001
8844
13696
13696
10000001
3303
340
2781
116000
2112
2828
236
29352
4141
210134
13478
6990000
26685
197064
4887
420900
4110
16203
140790
5946
483
3505
1654
6124480
150996
10879
295
79800
48456
13494000
470000
7957
396400
29369
3492
1000001
108800
989
29300
20722
34552
47056
3649
1671
804
1621
20000
24100000
724000
2003
11100
100000001
10000001
141252
100001
29210000
20000
11100
11100
894
87824
2110000
24592
25104
346000
10001
7775
1586000
1463282.133333333321388636250
100000001
15850
12479
504000
792000
2297
1630000
1000001
95600
163384
163384
403100
21484
523
100000001
130450
1950000
11100
166000
298
378000
29410000
1218000
10420
69
2804
22982000
100001
28788000
5794378
14390
24030000
15082
15082
2052
100000001
5798000
196400
296224
100001
100000001
3646000
100000001
10001
100000001
54200
443
49012000
363408
11738
17900
4026000
394
1481
376
10344
1000001
44200
64420
110000
1000001
5173290
100000001
11100
203
100000001
366800
113200
865.0000000000001136868377216
229
5596000
9747727.999999999919964466244
181288
183470
10000001
929
100000001
10000001
69708
2715
25202
92920
692
3552
10000001
166000
1001
4317000
100000001
2481
10000001
1767
1001
769
3929251.063829787744907662272
290000
20800
2590000
8620082
709
1000001
84100
20944
1043
22206
1074400
5323
840528
25808
151700
2844000
10994
8801
1871
10000001
10000001
29714000
357000
48170
13275
6496
15491
371
110000
142000
73950000
2656
613800
65536
3566
1000001
1970000
1010000
20000
10010000
5102
100000001
14852
18870000
196200
35520
10000001
100000001
5531
4119
2778
4190
1800
17172
17304
1721
10000001
13173
241420
10000001
100001
81200
11974
8822
1586
1349
45600
13916
18784
1698
11144
90100
1828
17200
2321
320
74460
1000001
409344
6214
452000
5930000
10844
56222
56222
220100
24110000
24110000
1206
14185
3590000
6129
183602
7892
661000
16583
1000001
5555
2609
15000
222700
488000
488000
57800
100001
1406
1000001
1463
3856000
19815
799200
8890000
3800
1909
100000001
38336
1095
34600
10000001
282
110000
338
10628
3774
1642000
4705
508
16799
1217
54700
6198
23354
131400
5113
15851
5962
35400
15588
60800
1659
2825
8558
734
27966
1000001
32250000
332400
551
199618
409278
76300
664
8759
44400
759
12985
16106
5254000
1001
100000001
100000001
10001
1000001
13124
1622
631092
100100
6550000
166376
1645800
1000001
769
29600
1851
195032
461
14015
4451
5524
2462000
337
290000
1165
1000001
1105
79500
34662
393
76000
20000
32374
111700
1018
615
3385
1095
1028
6374000
1283978
300200
5151000
29030000
300200
1452
9907
5700
1731
156300
12028
110000
96600
434
579000
618790
165496
1366
5743
10001
30600
100000001
14583
2832160
12641
4143
293000
20164
463
1888272
36114
1188
1437
645
2761
1470000
598200
1418
274
616
10000001
2827
665732
5812400
86
19300
7950000
3382000
49700
2806468
6718000
2484600
8739
1000001
100001
1000001
10000001
10000001
1588
20000
110000
44
4725800
74600
816
5024000
2306
11973
60010000
323000
6010000
28320
8849
1413
917
15400
2159
20800
4050000
12046
12046
12046
11317
94
1212
24573
63200
267
250700
18114
110000
14250
625
100000001
10000001
828
629
20142
10001
100000001
4528
691
14862
5697
452000
54200
222
1307
68620
74482
596200
1630000
1630000
100000001
1000001
132800
11100
1000001
75032
1000001
100000001
110000
11100
134
34684
1010000
16069
14728
764000
424546
364
19724
3
5
736000
26676
759
1959
95956
435800
21440
5020
521
56838
378
87286
4508334
48400
1230000
686856
531
20736
7051
11342
10199
100000001
166
17200
1448
1952
183124
46
632
380800
166000
10001
816
11890
619
66560
4050000
5829
4050000
14444
2959200
869200
26170
14378
402
7266
100000001
100001
204000
697
5551
1885
43498000
7534
274946
20000
38
7130000
1010000
25000
3240
5804000
144
48808
4023
25950
15550
10000001
31670
10000001
110000
2249000
385
782
726
100000001
1000001
2386000
610000
1000001
473
35000
5453104
603
1000001
6092
100001
10000001
100000001
18359
2266
2598916
587016
13610000
3670000
19210000
100000001
10617
1294
15000
20400
2042
738
29475
85400
10930
100000001
15176000
38300
284
190000
100000001
112000
100001
100000001
10000001
1000001
16841
302000
369
1000001
100000001
1000001
1000001
10000001
839800
16512
2037
1000001
10000001
6090
7908270
1645150
173800
1000001
3790
594800
302400
2925
1446500
28800
654800
1650000
1000001
49996
70600
100000001
10000001
77400
43700
1000001
100000001
6556
512920
1000001
1010000
20500
346
1010000
18470
12220
258600
31000
14972
728000
1000001
17290000
100000001
69810000
1000001
100000001
61106
2174000
226400
10726
1083
5202000
10000001
10000001
100000001
1000001
100001
10000001
91910000
10000001
1438000
25968
32980000
10000001
100000001
1000001
100000001
534000
100000001
100000001
414000
17546
78600
41600
437
3086
100000001
16004000
37210000
16310
1327
10000001
10000001
100000001
196800
2081560
10000001
100000001
10001
100000001
100000001
16810000
10000001
10000001
100000001
100000001
100000001
10000001
100000001
109400
10000001
10000001
10000001
66600
100000001
100000001
10000001
1000001
1000001
1000001
100000001
1000001
6890000
10000001
668000
100000001
110000
101
8358000
3130000
210200
1000001
100000001
919
128800
371800
100000001
1000001
1000001
1000001
1010000
100000001
1000001
100001
20003
1000001
100000001
1000001
43600
1950000
23310
5077
10000001
79350000
3450000
10000001
10000001
1000001
13498
160
1000001
1000001
3335
258600
258600
9891
334000
1001
1000001
2276
10001
1000001
10001
950000
100000001
100000001
100001
1000001
3948
16141
1461
1010000
100000001
1000001
49610000
115
100000001
10000001
100000001
100000001
10000001
10266000
1000001
100000001
1000001
661600
1000001
3396
1882000
197200
10000001
203
12464
14928
31600
33936
1010000
1000001
1000001
100001
13230000
100001
2003
87
43600
1000001
6286000
100000001
299600
10000001
13495
100000001
1000001
1005700
35
11746
10010000
28128
83210000
293052
5112
62200
2734600
1616
1010000
25
10001
172000
11018
18200
92400
1484800
190300
50450000
41400
1995
70300
100000001
3089420
126130
5456260
49500
89000
230000
920600
110000
3368000
100000001
100000001
10000001
1000001
100000001
1050000
22716
927400
1000001
10405
100000001
13470000
62600
160962
264
100000001
2258
1032000
112200
23053
512
51730000
351352
15469108
100000001
21540
59980
1783200
95822
11566
1000001
1000001
6618
4776000
4776000
16800
23600
69
225600
486600
9326
65200
277
390000
178640
1901
1000001
3910
378520
13652
10001
37362000
100000001
110000
10000001
52350
10000001
1010000
1000001
1000001
20000
100000001
66270000
5359
19934
1010000
16600
10981
39502
10010000
10010000
30100
56000
179800
10010000
76100
21961
1096800
17500
76
711
100000001
1816600
10000001
41218
159116
100000001
84810000
337998
199000
100000001
361
53400
100001
1570000
69
18021
100000001
566800
680000
63000
3580
20003
2003
100001
1000001
1000001
100000001
278000
110000
102000
1077
4320200
12044
12156
2003
100000001
9970000
737
1000001
5948
187298
8060
341248
1000001
1000001
85020
5016
173
215
105458
1130000
10000001
10001
134900
367896
738292
98600
10001
1000001
6864400
1000001
1000001
10000001
738
15918
270
5864000
56728
4258000
3927222.399999999967803887558
155800
1000001
62400
6666
110000
23200
23200
3182224
34508
3847
3570000
179
1000001
1000001
94832
2843
20500
54370000
1010000
100001
806
24970000
158000
6408
100000001
1530000
1010000
86570000
17099
1000001
27173
6241
1873
100000001
6343
7425
2003
14515
31500
515100
426000
45900
100000001
19300
100000001
49500
5613
3375
100001
58000
1570000
2672
100000001
100000001
100001
15000
60900
24859
266872
161228
28100
145700
21147
10000001
26300
1330000
109300
65594
119300
100001
31400
9596
15393
100000001
2254000
1628000
16950
17826
15000
740000
10000001
10000001
100000001
1000001
1000001
186660
1000001
1000001
755
8869
100000001
2222000
230000
230000
21000
628
21000
111
506400
2483
15700
11254
100000001
548
10000001
9937
5936000
5962
100000001
110000
1000001
92370000
10000001
100000001
23139
10000001
7130000
1000001
1000001
1000001
21582000
1432800
190200
6476000
54044
100000001
34662
20000
100000001
10001
100000001
132200
112200
1000001
983000
1000001
192400
195800
6390000
63810000
63810000
20400
20000
20600
43200
1010000
466280
20000
262000
100000001
10000001
480
32170000
1008200
13698
1000001
6700
6335
804
2225600
1000001
3026000
69600
25300
3945
20000
4930000
11236
1375
100001
2933
207
20200
15100
286034
25335
2182
88364
100001
5420
10001
21000
21000
15500
15000
48300
12816
10000001
10000001
38800
900
15000
4909
4773
4021
1237
366
962000
57600
53208
2501
129
466
15000
20000
860
2273000
11316
166420
85350
6938
196700
1868
2506
294000
143
65900
3387
2458
78600
10001
96548
41000
630000
473
2421
10000001
100001
1679400
2003
2194
1000001
317600
184064
7913
3778000
3722
100001
754480
1000001
97
1000001
14994
1000001
9719000
100001
1000001
10000001
10000001
10000001
100000001
35322
110000
474000
1000001
1000001
1000001
2725
666000
11399
75600
693
582000
582000
287
895
981
24374
1520428
18759
2997
548000
13704
548000
63800
5390000
2008
584
36900
10000001
15010000
4619
10001
110000
16138
280
359400
2508
141648
987000
61744
17392
99800
450
5532
1588
310144
19250000
38400
1010000
14444
50400
203
100000001
1580000
88500
167000
72100
20000
15000
26225
1195
1000001
4146000
482000
2070000
12266
28062
216000
20300
2070000
23802
30600
47210000
286400
10000001
14969
10001
322000
41200
163
235100
2252
1000001
101200
20032
1000001
1999
16272000
133354
30000
12200
30000
369854
534
143
3973
6301
520
3656
3893248
1001
1000001
1010000
1000001
305680
10000001
1000001
100000001
185692
146000
100000001
10010000
48632
20110
76572
1858000
270
22574
9684000
20516
6279400
81
18888
6662000
166500
5024000
100000001
1544
503
654276
8611
2775
6864000
434000
22326
892344
42410000
31200
42410000
1047
307500
20000
15000
11100
15
181
108000
58330000
44000
370828
1582840
2791
4664400
10481
141070
187
10000001
1000001
1000001
28610000
100000001
25100
110000
110000
19482
56464
6034
11191
417
10001
1000001
8470
1170000
3570000
7
10000001
100000001
100000001
100000001
12266
963
179600
1000001
59600
1672
410400
100000001
20000
100000001
10000001
4414
3362
110000
895
20000
83300
83300
2016
110000
87
15600
110000
10010000
15300
110000
4690000
10001
7581
2328940
2978000
5380
33400
3426400
235
210200
2003
24080
98
1590000
11602
177
100001
96700
3291
4855
100000001
5890000
249
11100
1081
837
16468
598000
5890000
4302400
2299672
295
320000
99892
342560
2011648
487
3206000
302800
774000
86400
1416
11100
1640
746000
35400
2045
746000
83600
23600
433808
15071
15000
1010000
237700
337
102213.3333333333325754210819
740000
49050000
113
310600
686845.8666666666611035907408
19
16
20785
4208
114
9535
834800
113200
517
21198
1010000
178600
11100
1010000
3803
35400
59500
110000
268800
670000
11100
11100
110000
13147
230924
100000001
1634000
517
609
13036
177
286000
286000
37600
967
135300
27300
174
11760
1634000
15751
110000
110000
8
263
48400
521
3784
47884
985
17610000
10000001
1000001
63658
11661
1770000
8883
16717
17610000
186000
3062
2208
19152
650000
603920
11100
557910
246610
5380
6146
1207000
3194
3795
452
186000
186000
1299318
235800
7938
655
186000
100001
49373
50400
2475
30200
4050000
533584
25317
2254000
100000001
27317
1568
327800
63922
1878000
9944
179800
850
227000
1564000
2027
100000001
1000001
106272
4377
1000001
100000001
1000001
1450000
24400
140218
1000001
5630000
1243
1000001
6630000
20003
28336
406000
199
2707570
316200
1437
1023700
662000
327
22000
22000
22000
22000
16000
100000001
1000001
100000001
8019
1975
10000001
6790000
1337
22672
4200200
100000001
100001
1000001
9864
381712
12585
10001
829
171200
4002
324
204986
204986
267
100000001
188400
906196
2770000
37600
1975
28067
789
1000001
2521
16964
6430000
3628
42100
13380
15397
10000001
10000001
1000001
798
100000001
10000001
100000001
10001
11848
556400
1403
342000
18096
13652
43200
167
1000001
1811
100000001
490000
1000001
1000001
260000
10000001
3846
100000001
100000001
398000
110000
100000001
1770000
2170000
15610000
260000
10010000
10000001
100000001
850000
10010000
1453800
2897600
14439
61190000
100001
1000001
10000001
100000001
100000001
77010000
8397
69150000
100000001
382541.8666666666636047011706
339400
1770000
67000
1499200
103
160696
25144000
100000001
92632
245252
39252
33072
897173.3333333332084293942898
207
16204
9077
574000
38200
14771
9726
471
500
260
16070000
100000001
1000001
8138000
1000001
22640000
110000
872400
276112
182800
3631
30152
101600
193200
160216
1330000
16600
23200
11452
1330000
23200
956000
20406
135004
310564
474
16600
15830
5853
722000
201532
16600
16600
81800
17898
81800
11219
81800
9121
16600
51300
92600
92600
92600
19086
92600
135
16600
47356
3127
1805
676200
676200
6663
28052
6560
142000
210222
19778
62932
1330000
238360
3595
13480
16600
1330000
1330000
37720
1166320
2779
23200
27027
21616
1330000
1330000
23200
16600
1330000
131721.5999999999989995558280
10751
16600
1184320
16600
16977
6115
23200
973600
7602
110000
100000001
1145
26600
26600
8809
324300
751
1886000
28610000
26304
47400
100001
118200
1308000
17800
79
15610000
43200
13230000
13230000
142200
17800
11100
407
29366
1000001
2449
1010000
13760
1619
1848
1434000
55540
3857
800972
17935
496260
830
1650000
223036
5426
124700
7144000
100000001
36800
57268
3665
1226
100800
61546
118190
264072
10000001
1438000
8105
10000001
100001
567
1000001
824000
81632
1000001
16105
104500
613
100000001
10000001
1000001
769200
1000001
63600
13410
14136
1000001
740000
100000001
10000001
8495616
599
86300
1461
99600
100001
3882
51536
5010000
60000
5010000
2110000
10000001
11562
24200
24200
20224
10283
24200
24200
90000
10001
20000
1010000
1010000
20000
180900
12
45050000
5124000
460400
1032800
235200
235200
1000001
5376
240300
110000
29382
110000
18800
15000
3069
793
12123
1248000
401208
1151601.066666666657283712993
620
10000001
25845
831200
100000001
14444
795
2959200
10238000
208100
100000001
642000
13638
10000001
1010000
15000
1010000
6664
844000
51700
51700
109
322000
53400
1010000
3050000
19927
1000001
318000
9143
7535
598000
11100
10000001
186000
3910000
10001
100000001
10001
23
82400
782
29329
3881268
1121
686
696
2039
100000001
1356120
140
11384
472
2375200
803
518000
153000
347200
100000001
94200
422
1288
6232000
303900
16908
49
1010000
1361400
201000
241
10001
59920
26000
92566
646
586
110000
13740
1000001
15104
10000001
1000001
10000001
11606
1142434
50400
10001
1822
1000001
10000001
64
41210000
2313492
717
3444
163
20000
3039
11100
4170
41438
1430
1844000
100000001
26369
34336
381
10000001
8155
3076
38728
30160
20000
5565
6008
371108
54000
221
502
100001
110000
972
1886
100000001
1000001
7651764
33350000
2859
3601600
30460
931
464000
228
9196
500600
446
1493400
265
100000001
39430000
3090
10001
4714
819
47300
5455800
100000001
188728
1000001
10000001
1000001
10000001
104160
399840
211520
54000
597840
890000
238800
509840
436998
54000
19680
98000
651
5139
100000001
1760000
876
6896
1528
100000001
473400
1000001
110000
10000001
1000001
2530000
246000
491800
218780
10000001
1572624
159952
100001
1010000
246000
22551
35132
176800
22200
1243
50200
10000001
10000001
42000
100000001
12596
100000001
110000
1000001
100000001
4859
1000001
470000
231
10000001
1000001
199600
100000001
453200
100000001
10000001
1000001
3660000
1470000
18778
400
1086000
10770000
285
213
2852
21836
7864800
37000
27959
100000001
1000001
166000
1010000
1000001
6890000
14583
31200
5215
100001
23590000
100000001
836800
100000001
166000
100000001
4050000
50400
203
1010000
476100
100000001
20003
100000001
100000001
10000001
100001
25818
720
1040600
27604
12890000
1298000
10001
10000001
1000001
671
110000
100000001
1570000
136000
1000001
13476
15610000
17800
160
2446
21734
110000
43076666.66666666060336865484
47700
1001
10000001
25
11100
100000001
20003
33800
1000001
3161
1000001
1595800
1032000
3050
1429
9447
1989
3836
75000
18098000
100000001
1440704
115200
115200
33650
485
48554000
48554000
17610000
474
226000
85750000
19967
20000
752848
15000
110000
1142
1010000
30200
10333
740000
30
36048
2154
39600
463200
2370000
98330
4016
23610000
6993
21800
33600
9178
1764
5519
468000
100000001
10001
304
91608
1000001
1010000
2492
624000
64560
61410000
357524
1763
89900
100001
10010000
29030000
416400
25400
1002000
10001
60336
100000001
692
11100
110000
24
10810000
110000
5200
10000001
2110000
1000001
4105000
1138
207872
1000001
1355600
137248
265
23652
302468
10010000
34200
48410000
10010000
2900
4850000
494000
4746512
58400
202874
10001
73400
16974
16974
259326
62600
115200
11474
11474
2052
1438000
133800
10000001
1000001
110000
3131304
50400
16996
74790
10001
100000001
100000001
1971
1275
128
2543
37600
100001
2493
100001
20000
397200
110000
10000001
12010000
20200
1000001
10000001
2646800
304
1000001
1000001
1010000
544000
5350000
166996
544000
45772
1627
17260
331
791
544000
53410000
53410000
502419.1999999999959527485772
16532
1000001
100000001
10000001
10000001
1000001
60776
100000001
410400
2003
14202
29100
29100
24046
392000
29100
2160
24200
152000
1769
83
892000
98200
1254502
8830000
100001
1000001
3706
1000001
2245
20859
10000001
1000001
456490
330600
255600
2234
246400
14582
730000
100000001
347300
10000001
110000
20000
10001
7430000
745
51552
752000
84200
100000001
1000001
40190000
651
43858
100001
490460
10000001
1001
13677
1000001
88166
100001
1010000
100000001
186000
3099
100000001
714600
3524
38930000
3930000
414000
1000001
10001
10000001
279500
100001
1000001
1650300
52966
463600
100001
1000001
9570000
162702
1000001
276024
318000
12
10000001
111800
20000
100000001
23112
100000001
110000
100000001
20700
754000
54100
22342
22342
1010000
1010000
930000
10000001
6295
1000001
172000
5618
7357
213600
56488
2177
190598
14827
94200
1000001
10000001
38080
13432
25600
322000
41200
25600
100000001
3390000
282
97600
877
26016
3233
53
254
11958
81800
719
100000001
50400
1150
1000001
2424
1001
11518
70
110000
18190000
191800
910
7796
2003
1509200
15200
100000001
1000001
1000001
100000001
100000001
1000001
576000
18580
100000001
18990000
100000001
11100
10001
1000001
1000001
10000001
1000001
110000
1470000
10010000
10000001
110000
82640
650594
55400
826700
4158000
464000
11100
1391
20000
50
464000
32700
10000001
6758000
51580
888
635
1000001
112800
515
84700
748
7570000
11100
15000
11100
20000
20000
85600
47800
110000
11100
4005
20000
11100
1010000
29
63200
8526
32296000
100000001
15000
3551
368000
1000001
618000
3050000
3850600
19204
30410000
49824
328
56
668
314000
126400
153
36200
23200
3060000
78200
4090000
414000
50400
30200
203
1010000
1010000
4200
5453
1010000
1010000
1010000
4872
1010000
1010000
287300
110000
1010000
15000
15000
15000
740000
1000001
63010000
94700
37500
10210000
23416
1217
35800
2590000
2590000
934000
10210000
105
10210000
1030000
5113
221752
12047
4510
5170000
790000
1000001
43200
82314
74010000
2864000
10010000
2666
30700
24700
148
318
56004
134000
1000001
457600
100001
1000001
10001
14610000
1001
20000
1010000
10000001
10001
10000001
1010000
1000001
166000
110000
10000001
100000001
48544
166000
100001
10000001
100000001
85
886000
10000001
35780000
10001
1105000
16600
110000
100001
1000001
100001
2003
142396
6019
204000
20088
29400
2970000
15086
99688
22609
3190000
160
100001
261394
3609
1000001
1000001
1000001
100001
100000001
1000001
28031
1010000
1000001
1000001
81200
58444
100000001
100838
10000001
1000001
10000001
1000001
10000001
496
34500
8990
260000
12750
22500
260000
260000
23000
260000
260000
260000
12500
29362
260000
260000
22500
22500
22500
22500
240533.3333333333314385527046
260000
22500
22500
260000
240533.3333333333314385527046
260000
115976
22500
35000
35000
35000
22500
23810000
1000001
18086
685396
52600
11914
8770000
100000001
920
110000
10000001
352
664
4249
19590000
1000001
65200
37600
15732
15720
261
3011
54100
88210000
885
2699
88210000
442
3726000
418760
346622
1001
7132000
3604
3562
132540
5571
4050000
6667
3991
2350000
23104
33400
118
6759
325216
1001
42570000
4266000
199
25994
509496
10000001
100001
110000
1000001
1000001
1000001
100000001
159400
414000
100001
100000001
5975200
100000001
37970000
13230000
13230000
100000001
23112
10000001
1000001
30810000
46124
612888
246000
1000001
1000001
101
43080000
10000001
3443200
100000001
10000001
198518
120900
1000001
125200
3415
2950000
29410000
8141
148
27400
169588
43800
43800
43800
170
20000
20000
15000
15000
1323
71000
51008
22804
20736
489
100001
14620
10000001
13476
6650000
45192
1783
2177
17700
520
25400
8630000
1834
96200
1010000
43200
1000001
53824
66940
302000
110000
20000
14630
2814
24146
4928000
12441
1406000
809700
10000001
733
83000
83000
10001
100000001
498000
1010000
10000001
1018000
1000001
979200
3774
349600
1000001
104000
941
10001
12831
21900
9031
248000
21900
21900
11166
13
116000
3404
217548
783800
15300
15300
20600
1010000
1000001
3501
19363
10000001
9030000
1000001
100000001
100000001
14610000
5019200
298200
11100
10000001
10000001
3870000
100001
2362400
100001
238760
10000001
136000
1010000
20000
1010000
10000001
1010000
1130000
102000
45000
20003
494000
76100
17015
1000001
117800
579
13657
518000
110000
110000
849500
19930000
60000
1480000
1480000
157000
319
10010000
2516800
10000001
70600
1000001
2550
6084
22185
10091
4394
855
14089
1017
747
110000
100000001
1000001
16424
24500
5849000
7679862
94800
425
1000001
100000001
3723400
46400
10001
12909
31810000
13077
100001
3109600
1000001
10567
567
10000001
100001
10010000
29030000
51610000
2110000
95600
9428
10092000
120902
10092000
3700
19974
1018200
514100
10092000
10092000
159785
20003
1000001
100000001
100000001
100000001
100000001
1000001
1000001
10001
10000001
19
100000001
4030000
1000001
100000001
3796000
100000001
1000001
4030000
1000001
10000001
8029
298046
100000001
1000001
4235020
27295
23800
523220
445500
31650000
100000001
1000001
1001
720000
100001
10001
492000
388000
10000001
1396000
350000
1000001
1000001
10000001
1000001
10000001
100000001
10001
846000
25099
2484
1000001
1613
1255400
3319440
6909
2049
10010000
100000001
702
34640
4897
7107
290000
3533
5325
100001
100000001
441
2003
4750000
100000001
1000001
311
10000001
1001
110000
1000001
110000
43300
542600
2664
391
793
179986
19087
34600
4004
1000001
1000001
100001
1741400
82810000
1211428
4290
838000
732844
374320
82810000
12226
1298000
114328
8905
92800
773526.3999999999937244865578
1000001
30790
110000
100000001
25422
94600
7022
1412000
1412000
1412000
1465000
166100
21847
3910000
49000
49000
3141700
29500
6352
3618
23010000
100001
19988
185552
3941
100000001
1000001
100001
10000001
85350
1199
436000
436000
6647
12743
52600
886
22144
19417
2032400
31460
39000
1755
2127000
227000
21710000
4896840
543820
21710000
4470
227000
378000
185
6103
6300
699
1000001
10000001
879648
1128000
100001
1000001
110000
100000001
100001
1000001
100000001
100000001
1010000
10010000
97
40700
32700
123100
30100
45900
6885
13971
10000001
10010000
1010000
23002
6858
1000001
1830000
79706
1000001
125
53
12332
12210000
125
12112
153000
17771
1309
110000
10010000
269204
1986
8202
110000
1184
845200
20000
1010000
127
263680
18642
21000
100000001
5796000
47
2003
35900
209
4468
104
7515
176000
18300
18300
18300
444
7241
1290
366000
11100
110000
563
1000001
100001
13230000
50570000
21950
2217
364120
74896
364266
322000
31210000
322000
81000
81000
45500
17810
45500
7687
54
1567
36800
63600
36800
269
50500
38512
1748
722000
1001
21910000
274
1000001
251000
1890000
96
1010000
157000
808
29500
24042
831
422300
1736900
785000
187232
21648
175
20000
4502
2273
904200
904200
3890000
548
82864
14151
406000
49600
6790000
1000001
6945000
36200
12882
3713
16171
12914
868
10000001
3192640
54500
4235
214300
207000
207000
2003
627232
1000001
17400
1972
1010000
3171
2396280
11276
9713
5370000
11365
4524
10936
8059
2793
328800
304
583000
10000001
488000
4103
100001
110000
37800
158302
23400
64000
878800
100001
33062000
1086
225200
17450
16688
22254
735
2750400
110000
9103
4891
22676
30600
1000001
246000
3443
992
8288
152
10000001
1965000
1175000
100001
5557
456000
67600
100000001
18490000
38622
2816
2536000
995
527968
297700
30284
3141
42538
6140
427
100000001
100000001
15848
79000
3350000
86600
18426
2140
110000
110000
22690
181
15000
34
1684
26450000
242000
242000
33200
117
340500
287600
3578
8676
13212
180000
1701
1028000
856000
5965
873348
7503
2407
8774000
448200
3237
131000
2146
6718
21400
12508
21400
32800
1000001
15258
80010000
10001
1000001
100001
555
1000001
189100
1010000
460000
2318
10001
100000001
950000
32066
9321
1194
92000
116736
204400
1976400
100000001
362200
1762
197506
1000001
1000001
567000
1010000
112000
1030000
248680
184420
25708
77422
147190
7965
185692
1030000
11463
921
1030000
20200
112000
15100
130824
10000001
1425
9258000
20800
2271
6274
16302
511664
3559712
115408
48600
29300
9770000
489
22500
100000001
1000001
189630
186000
45376
28556
33500
21340
234800
882224
1682512
918192
7148
1763440
25738
21010000
738352
166870
280690
16325
5631910
220000
31630
20710
944
2961
2110000
21010000
85390
8323
21010000
57460
220000
18528
7358
7210
220000
100001
168400
15000
31032
100000001
50800
15005
11100
20000
1000001
100001
46110000
72260
3398000
47268
1695
24737
2014864
938
380440
28000
5072400
1375
4438
100000001
6397
29602
1792000
1000001
212000
311500
412000
4030000
653
100000001
10010000
5988000
22400
16200
432000
322280
42010000
86200
772000
3927
149486
398000
6036
24818
100000001
3982
143000
100001
3172
457300
4474
111
5690000
63400
3136000
100000001
4050000
1010000
61942
3539
6670000
110000
100001
25
100000001
10010000
410290
18196
10010000
10010000
206
672156
397
4407
8776
11276
59
3410000
1321
20000
1001
55584
217200
10000001
307242
10000001
408
110000
39700
19636
389300
137
24168
100001
34544
100001
4675
10000001
506000
100000001
728000
181600
110000
10000001
100000001
10000001
1000001
1000001
10000001
10000001
675
1066764.799999999991314325598
67300
574
10000001
16101
338000
68400
293
3286
182300
354600
3000
1000001
323808
3513
930
180104
1000001
20000
110000
2927
14774
277982
10000001
2327
20000
18
8646
3743
10000001
2430000
3045
122
1000001
100000001
75500
951
3756000
1000001
1000001
1949
14554
3333
10001
1001
1000001
10000001
1000001
170600
12265
100001
1000001
18250000
1000001
539800
514000
45100
61210000
544276
1072100
2134200
60184
622000
6130000
40600
76096
307
750
1000001
4616000
34178
1570000
100001
131638
31
158
27000
66
20003
1000001
3466000
18294
10946
29100
1010000
289936
269200
6700
1297
2593
17610000
45050000
100000001
50600
50600
7033
118200
10001
1690000
904
5976
55000
688000
6933
43900
118
21140
11089
896
707662
17458
77800
1430000
273
17100
6563
17100
290
24200
203000
222
589800
16310000
110000
1860
187
386
65300
102213.3333333333325754210819
15000
16310000
1640000
2778
489
48
100000001
3223
1000001
3510000
10001
360000
6553
93630000
10000001
16400
609610
23900
140
27800
2951
74922
45700
8051
16600
15000
17326
23310
13520
12440
462
204000
2055
19700
20000
2003
1000001
59700
10000001
600
10000001
32660
1031
1830000
110000
136700
1642000
1740
27610000
9327
355642
1144200
3963
16703
2516
2344000
44400
44400
345
46674
63152
10010000
1965
96900
31604
1010000
5544
4905
482400
756
1929
1535
146510
31430000
100000001
1000001
304
1810
698800
108
45000
1000001
110000
20000
30770000
113800
7835
59790
1479
769
18223
18748
15879
716354.1333333333275277254870
2170000
12751
24256
38512
2170000
166000
414
1345
282
6105
1194
492000
100001
100000001
100000001
15610000
1000001
2256000
100000001
6268
8578000
433
526000
100000001
95690000
10519
9514
10010000
1000001
10001
181800
860
486000
57600
329
10000001
1000001
321
10000001
6121
10000001
61400
10000001
1000001
100001
1000001
10057
68916
4500
5624000
48082
669
48016
13674
25392
909
1626
1203
3269400
3497
43858
472870
405568
75000
326
719
676000
676000
6745
10000001
336
1000001
1284
28800
28800
10000001
10000001
1009
32000
111
1000001
930000
56000
5483
56000
102000
930000
20120
102000
930000
20120
56000
4959
102000
6447
10000001
523400
10000001
537
6317200
1000001
10001
130000
100001
1000001
10000001
1000001
1000001
8225
10000001
2419
3720
230272
100000001
3430724
10000001
31210000
1950000
1000001
28210000
85944
29200
741
570000
16160
2951400
41900
320
100000001
5770000
4687
35000
914000
100400
453
1000001
2929
4050000
4832800
6696
1089
106800
4050000
74010000
85000
10000001
1000001
23926
873
10001
26000
3210000
330000
2346000
1010000
76200
1010000
170
34
544314
10000001
10000001
65490000
100001
29000
191
526000
1226
270
208200
100000001
276
439200
745
665
279200
286568
3242400
1889400
100000001
4347400
9969
194426.6666666666651508421637
4270000
10000001
1001
930000
874
422200
2062
864
128188
25544
63868
2690000
2690000
23400
36800
12024
19900
20296
100
10001
22628
631
100001
1000001
15457
113312
5236800
28786
557
440
10000001
105130
7054
206
9251800
109
34310
348000
359888
51600
30800
1010000
1000001
94600
91210000
45000
100000001
1000001
13125
10000001
1000001
55760
39832
30592
100000001
1000001
100000001
10000001
9069
10001
100000001
100000001
34992
368000
2174400
1000001
10000001
100000001
38000
1000001
100001
120132
10000001
1001
224200
438400
2143
131
20
14777
110000
10000001
10000001
110
19482
698
100001
22694
10000001
100000001
29200
567
274000
274000
133
541400
20400
101
579
394
1000001
100001
206000
1010000
10000001
1000001
1978
6610000
670000
548560
43000
18536
264508.7999999999979081621860
106600
1456000
3851
97
100000001
19460
2956
58800
22783
489
10001
10001
1000001
38732
942000
217836
5064000
110000
1000001
10010000
1000001
16094
10000001
1368000
1202
1690000
13705
1319560
22489
38952
1521
161800
17106
100001
1433
46600
46600
128600
1537
1000001
291600
7829690.666666666602395707742
1000001
100000001
10000001
1000001
20000
10000001
17565
20076
10000001
1008
17937
59368
10000001
85600
139800
751
246368
5470400
643
42000
1605
62140
21330
20000
859
5482
20000
746
21
53032
10000001
110000
1000001
1470000
378
100001
412000
1188100
175000
1651
10000001
100001
1000001
28348
28348
176800
31824
1000001
120000
18976
409
502000
3601600
2794000
17800
100001
827100
728576
3647
100000001
2626
23595
28864
109154
272000
36200
561
38200
18800
36700
20000
26210000
2630000
26210000
1122280
20000
15000
16
332
15676
15676
3038
10000001
780
19844
100000001
10001
398080
3430
38182
33276
227162
2391820
1017160
430000
109110
20000
772
229200
38116
38116
67948
247
2726
110000
3089440
10000001
10000001
10000001
20000
18990000
40160000
1010000
1000001
10000001
20000
100001
10000001
1000001
100000001
12399
100001
5625400
2316
744160
10000001
6119
9810000
10001
2950
1226400
318800
909
2854000
152200
95030000
292
4213
100000001
49250000
125400
3826000
1000001
18112
1466000
29254
1825
4676
25774
2285992
100000001
59368
59368
65400
5032400
6640
1010000
274
405
37200
102213.3333333333325754210819
51
11804
1707
269900
25494
131
112000
100000001
1000001
24000
1000001
10000001
186000
1000001
10000001
8874
14145
348
891
67482000
1000001
733
808
3318
4278
958
326
4754
886
1000001
19568
695600
1683568
159
100000001
132800
20000
15000
41
1000001
17364000
1634000
825800
8737
96010000
7844
2289300
268786
481744
803
10000001
10001
3388
822
8227
6284
11672
2643
1321
27240
25704
371400
21045
6243
3344
25405
516376
110000
110000
100001
100000001
50664
32352
1017
27020000
741
49200
130960
8650000
794
13652
19370
225
16305040.00000000214413375943
10001
10010000
73
30567
100001
10000001
110000
1504000
46400
61920
100001
8559
25210000
586072
364300
262000
8738
10000001
2110000
1543000
20500
203647.9999999999984083842719
106
363320
1274
24700
11100
326200
766500
38400
20000
20000
110000
110000
16000
15000
59600
42736
10000001
2370000
322
180800
752000
752000
752000
372
1196000
524000
258
217
417
226
160
1000001
541
19856
99600
15282
13370000
91210000
6677
1606
21450000
109352
1010000
28576
1261472
3458
1335
32592000
354000
354000
590140
1065
15000
6944
11100
29376
633
10550000
528
10024000
12350000
10010000
7151
364000
27700
27200
187000
1000001
466600
100000001
807
469
2778200
24563
100000001
1000001
100000001
8175
2525
31400
10000001
38900
12267
290
2865
100001
10000001
34200
3190000
328000
94000
52000
11100
405
304
2331400
3143890
160
4050000
622000
61210000
91246
61210000
100000001
10329
3879000
100001
1000001
2715600
10000001
100000001
10001
141000
24410
29
171500
5094000
100001
21010000
1000001
8982000
13850
100001
1000001
10000001
1506
54132
4600
1723978
94546
3844
817660
12830000
642
1992460
2790946
544000
10000001
9912000
321600
100000001
24180
414000
2989
353310
12926
107200
11628
10000001
20000
11576000
904000
10001
1000001
1000001
12244
103
1510000
10000001
10001
1001
234000
1396
10087
430800
2105
38600
16996
24520
1000001
8631
96400.00000000001136868377216
2378
612
503800
8021
389800
1262
1157
17964
587060
10000001
299
26358
1098
295
612000
4106
126
315404
89
20000
1393
2015
1000001
100000001
5044
724000
32200
112
29286000
868
6217
87910000
62850000
525988
3403
65600
84400
745
2110
24588
31726
77
25554
848
350320
19166
28876
13828
330902.3999999999973624653648
2563
1873
6050000
269094
16000
16000
7130000
1939
323992
45600
601400
4565
29377
81200
357
1485
19500
906
8457
1874
1252200
125800
580
107
277200
1146
449
29114000
995
1268
2188
5676000
1000001
32308
1015
4312
10906
100000001
114
1000001
165000
609
1802800
624000
10100000
944
882000
1568
1534
11100
49
5710
10173
678000
8966
863
355800
27203194
65632
32800
32800
3338800
572000
99688
7165
30200
50400
50400
4394000
2193
437
5288400
7290000
3409
1470000
1000001
32220
1000001
358260
110000
10000001
10000001
417400
35102
573640
1217200
1000001
2532000
2003
222
1080000
5351
61900
1000001
2746
4271
6294000
22738
11382
3099
17541
603824
95800
430
2751
1704
60182
1000001
10000001
23200
38798
100001
5808000
1090000
10000001
2473
10000001
23363
16730000
12486
236000
114
410400
100000001
100000001
10001
2959200
45046
100000001
100000001
118000
220386
7205
39400
39400
100000001
100000001
1000001
103400
468
981696
69600
38012
7141
386
415
33540
129200
37764
129200
28800
15704
7807
19400
766
63000
7086000
603
429800
910
14344
870000
477
12732
9958
1438000
6647
29310000
156500
518
100800
55400
10000001
2550
360
10000001
10000001
100000001
100000001
1000001
100000001
826000
100000001
61832
8240
2083
2068200
13586
164
377992
100000001
100000001
692
10001
6305
97098
26606
4450
2724000
1367000
2276
1517
5439
256642
256642
11204
2033
3150000
324000
1571
3528000
10000001
38500
1770000
35550000
10000001
4197
1452
171552
164528
415500
4056
369964
3358000
1407
7803
1857
1421
1193
11100
2114
9190
1386
1004
100000001
6230
100001
1351
83106
127040
287
20000
173800
464
10000001
263
4889
6348000
792
2488
2270408
239
1666500
72530000
100000001
1470000
10000001
1000001
1148800
901
4322000
100000001
1000001
1000001
100000001
12772
1620
43198
128408
1000001
12685
196400
468200
825400
23400
478000
3300600
2003
344
100000001
14444
203
100001
100000001
1000001
1000001
37240000
49952
100000001
1000001
100000001
9430000
1000001
25
100000001
1000001
10001
100000001
100000001
26800
2447
23642000
764000
188020
1291
16944
132650
1000001
882
600
958000
3575
1029
2003
1001
73580
1000001
153200
10010000
385
338000
180
16330000
5954
300496
1642000
15390
1969
5590000
5590000
53100000
13680
396
8587
1634
48200
4511
1604000
7411
11100
37000
11100
4670000
46610000
1747
112
81
49500
832956
130000
410000
14400
201
344200
13423
176200
5305
314000
153
3704
11448
899128
109200
4830
604000
406400
1727600
10000001
24164
17638
341
5385
110000
1098000
64400
118800
252528
1990
354
167000
88500
10010000
469
31200
10001
28089
5846400
348998
1248730
635600
3129
3399
465
15214
6488000
19128
353200
10010000
1374
48100
18382
86200
382
100000001
824000
12776850
100000001
1492
532
1000001
150800
826
2760000
10010000
100001
20000
3017800
10000001
100000001
1000001
11100
1000001
1000001
10001
674000
1416580
100000001
4244000
1000001
14453
71842
2812
1731
10001
70368
984
9374
15038
10010000
913
1010000
18671
531
9249
1000001
37600
1000001
451
5489
6852
1046
1468000
1000001
1244000
1374000
537
1814
1000001
100000001
10000001
45000
100001
1045200
1240732
1000001
2003
10000001
10000001
628
5124800
10001
5718
4470000
135324
6694
17106
151200
324
13668000
1784256
1557
481726
70676
75700
9602200
16492
1000001
10626
17920
142462
4907
696
298
100000001
1905000
19108
17786000
100000001
1981000
1388
20054
924000
2003
100001
9638
20764
184600
1301
9477
20000
71
420
10001
26192
157200
358000
10000001
10000001
1000001
86100
762
1734982
834
62658600
7018
2662
2046
9728
23517
3374000
885
360
514
213800
1000001
349372
15000
11100
829
2333
384000
1182
27204000
15000
20000
15000
10000001
1000001
7638
195016
1780
7658
963
1982
10001
43000
144400
946992
19154
1221
294400
11496
69
72600
630
10001
11334
812
5374
125
1765
24300
9387
32300
127200
1090
882
1001
1766
745
10001
1634
1610000
26000
700
100000001
7130
924
5438
562188
12959
10000001
213346
14070000
33800
12618
432000
7889
58800
34800
5903
10000001
10000001
484
100000001
8080
20824
123400
10000001
435
6330000
10000001
100000001
1000001
4050000
30200
203
187390
34300
863
174000
26400
1294000
283
48610000
244
4150000
1000001
10000001
211058
10000001
10000001
400000
30746
416200
1000001
4871
35800
6502
41720
1155
5210000
44320
762960
20064
530000
484240
807
5210000
5019
26828
132166
62000
15720
36000
1346
3649
6627
62000
114000
71270
2786
214490
129400
8615
949
100000001
23860
25256
330600
170300
10000001
10000001
110000
355
1829
16894
52944
1239
40400
5518
8767
1226
268800
292000
1078
12820
142
1000001
1000001
10000001
138800
472000
50400
907700
247510
50800
452
626
177000
177000
401
100001
2538
20000
1000001
578392
166000
2578
1000001
1013400
156000
1350
557316
386354
25400
9010000
110000
2850000
294000
3281
255944
550
21014
1486232
23495
28410000
75320
17115
136600
38400
24544
3862
12162
10000001
44610000
1000001
1000001
1000001
1977
962820
225500
30200
91204
11848
160000
3833200
96400.00000000001136868377216
100001
1000001
20000
100001
10000001
10001
7307
100000001
74
5578000
862000
414
1537
3950000
387
49400
855
87436
59896
20600
42400
193400
138
4512
9924
10000001
728000
4030000
14742
40210000
338
330
40210000
11617
1041130
412000
3018
21443
40210000
40210000
25309
202
353200
16600
1130000
15600
994
122000
122000
4872
12662
2329
2310
92852048
33220000
18280000
85600
10493
863
100000001
5081
5612000
954
74010000
66200
1668
100001
100000001
13428
68
89100
10608
1010000
344246
329
161600
979
613
171
5009
382
4996
425400
642000
4623600
42864
17901
252900
24606
12640
100001
2709
1638000
10001
100000001
382200
1210000
100000001
3264000
10001
1000001
85
73
6096899.674074073845986276866
5097
15000
15400
740000
21576000
971532
479040
2627
1000001
1377
10000001
20000
66320
2561
100000001
50866000
1303
5966800
1884000
10000001
2206000
13661
1014000
1000001
7120200
12210000
11054
40800
155
1734
21970000
91600
119800
7512000
1099
10001
100001
10001
1000001
35100
15279
1440
1000001
10000001
20003
1000001
100000001
651
1000001
100000001
10000001
100000001
68200
2915
2262
177600
39100
14199
2506
7108
338800
1869
100001
15800
18352
3476
13505
1000001
1000001
316000
8612
13674
25300
9193
3310000
26500
198430
3310000
340000
13630
3310000
3310000
11198
3310000
43000
6266
43000
100000001
1094
984580
168400
203
511000
126400
100000001
100000001
100000001
1000001
3106180
1897
8982
100000001
323170
12
1983000
20003
287
414000
100000001
1000001
100000001
10000001
1000001
100000001
10001
100000001
16006
15729
318000
100000001
118200
542
17329
665
123800
123800
570
3356000
627
60630000
313100
75700
2218
25400
25400
17700
3056
329800
10000001
13542
42200
26100
174
186000
1442
175600
1000001
10001
100000001
799
5908
10000001
777316
1000001
45640
4654800
17648
66608
2838500
2198
100000001
10000001
77410000
36450000
100001
7200000
16300
2435
157400
886000
20003
2397
2299
2230000
28417
10000001
8312000
1000001
100001
5931
91950
100000001
10195
10000001
19579
4250000
1000001
110000
62228
9265
281900
425932
49
1813
119
16070000
100000001
3787
10010000
162
1000001
2101
238
1000001
110000
223
1440000
4414000
100000001
19239
9864000
971340
1707
2207
621
1000001
15000
10010000
1970000
74200
5245
13926
3128
1304000
32790000
1655
8843
10010000
2003
4827
24200
6259
1435
22892
2595
1323
4830000
14444
203
87200
100000001
273
1230
200000
340
489776
20003
100000001
1000001
1000001
11100
10000001
291200
13872
7067
31400
35
204000
29400
709600
1010000
110000
15000
1000001
100001
26708
37200
1779
282000
23600
158000
1000001
1000001
1000001
16344
342000
342000
14356
14356
342000
61128
48676
26600
401
342000
11100
11100
15000
26600
13314
164704
8705
6981
43200
26600
49600
11276
43200
155400
25994
25994
7820
2003
110000
1001
10000001
35900
63354
528000
3791400
9036
1456
82
4370000
20000
26531
1798000
188800
123844
1000001
100000001
210800
15000
413656
10000001
1000001
100000001
100000001
1000001
4839
256200
2197840
1000001
232400
1000001
53824
11857
1010000
77
2224
325
100000001
1000001
100000001
100000001
897
11439
207936
13058
1693
21572
10010000
399268
28568116
100000001
11233
1000001
166000
1321
100001
1470000
431
314000
100000001
10000001
23600
137
110000
13586
226400
100001
4006
750
764800
1210000
10001
10000001
145200
1192900
1362000
669
677
110000
11452
1000001
227
26845
389700
389700
1000001
48800
14268
1010000
1010000
226
155000
726
15000
5411
2356240
15000
27
5208
33100
472000
20593
12787
372736
5272
1058032
854000
817
5270000
100000001
20200
112000
122
20226000
6802
3030000
13322
1644
572
152
7415
514812
1854000
10000001
1001
1000001
20800
55
18370000
3477
456
10000001
188000
134422
100000001
100000001
5934
410100
10000001
578000
100000001
7246
100001
1000001
20000
2784000
10000001
10000001
1000001
23309
100000001
784384
60350000
1487260
1380000
60350000
60350000
613400
3124
2003
10000001
240736
1000001
318000
26016
1000001
100001
20000
10000001
5422200
10000001
3330000
601
1206874
800
29237
100000001
1000001
1000001
26046000
817
100000001
1354000
563900
540024
1000001
1679
7567
2168
36050000
10000001
3353648
38006000
38006000
1909800
38006000
1909800
1000001
21000
70800
1000001
210860
11100
1000001
10000001
10000001
5158
21660
11948
1000001
554000
1000001
1000001
6941
100000001
1000001
1000001
2003
1000001
6366000
383
11083
3604
2030
4450000
1000001
1923200
1000001
2059
100000001
47000
186
20003
740000
10000001
100000001
10000001
123960
100000001
5438000
10000001
21200
32980000
10000001
1000001
100000001
5182000
829200
109400
146800
955
713152
100000001
802000
1000001
100000001
10000001
10000001
10000001
599402
100000001
1031
10000001
19328
1390000
110000
23800
28104
148000
3435
23800
618000
30200
9594000
115424
573
457
2594
1000001
10010000
4050000
206152
10000001
777
10010000
15000
32660
110000
202258
1000001
20000
424000
1000001
100000001
6518
1000001
11100
10000001
80092
344
10000001
22690000
494
1120800
305702
795608
100000001
232662
385480
100000001
29
222
26500
2839479.999999999601641320624
100001
1000001
68200
10001
10000001
23813
15000
810634.6666666665441880468280
740000
740000
11694
164000
11694
25400
25400
1000001
100000001
190700
73
740000
100000001
100000001
170600
1010000
1470000
304
11408
1159
234840
12
100000001
10000001
35938
8209
1000001
11320
14605
1092400
91608
786000
10001
85
31824
123
16400
60900
4307
5687
237
19473
979
10001
322000
726400
943
237
225
721
8231
7913
10001
100001
15673
1000001
495
3381
2248200
15200
10000001
2571
100000001
1027
100001
535600
1977624
2201
1010000
1000001
10000001
577
100000001
63600
100001
10001
17603
10000001
569
42217
707
29096
569
11295
100000001
31600
442000
42525200
12026000
2004300
552800
10001
18111
397009
7421
2703
11045
421
10010000
1275
10010000
142200
3301
423000
1601
120000
230000
2035
16730000
1527
184000
3606000
100000001
3205
6570000
1000001
393460
127200
30768
2605
1309
73
4591
1000001
110000
99452
100001
176232
850000
421
1101
1570000
20000
21
923968
5850000
562400
100001
68200
100001
648400
706800
564841
93
37600
2715400
543
10610000
41768
922000
3591
13982000
48671
12349
995
259
6597
16776
6961
13698000
43803
699193
96200
3038000
23057
997
11100
10001
6363
10000001
12089
82800
46400
18008
59776
2957
577
140800
14410000
100000001
41
704716
17953
27633200
734000
12596
10001
4739
2170000
67282
138000
185
89
100000001
235104
2719
10103
20000
1173
222400
897084
369
933000
38207
1010000
364000
3193
93
2615
8309
25984
10001
29316
2003
1000001
2341
2443
735
10001
1000001
10935
1923
25600
239
6441
4937
10782000
978600
2421
4530000
462000
3717
4583
100000001
299
1000001
282000
11100
121
5869
1000001
110000
19800
99
1381
11100
39
100000001
10001
631
100001
44364
633
543
12860
131
2021
307
1598000
804000
100000001
311560
38520
1000001
367
14259
1001
213
2159
1477
27605
86290
21586000
143179
271
10000001
1804240
89860
355
276000
2670000
3610000
46000
100001
131
83210000
1151
1000001
1110000
14400
117400
14905
829
47057
15757
17687
27605
15337
35600
25800
100000001
271
20759
4962000
8379
119
37567
1693
10000001
1559
4830000
850400
4203
4830000
15783
6511
1000001
255
3317
3525
47200
10000001
1074000
533
1655
18145
894000
54200
511
3250000
172000
10010000
85400
9
1000001
1010000
169500
1559
2037
1001
1000001
199
17480
5
1041
10000001
1970000
2259
15400
687
2467
49273
10000001
687
32619
27003
1211
319
3754000
37500
89000
1023
23600
4834000
1114000
129
6650000
24608
64400
12410000
684472
545
6553
26368
100000001
100000001
954000
1000001
10001
86570000
3503200
137
776000
7159
133200
1000001
1178420
13331
674000
96000
15335
233
100001
433
80810000
100000001
450000
959
71200
103
1267
31
626792
160700
61610000
1137
100001
963792
791
11969
325
35271
50000
1000001
3087
858000
441
1000001
2655
249200
873
10893
179672.5333333333319387747906
26923
2161
127600
10010000
10000001
15000
1010000
17744
1107
245
39631
100200
461600
19749
14323
10000001
22000
121
1000001
24185
100000001
1001
5927
10000001
110000
175072
10001
1563
11100
263
1119
61610000
5890000
10000001
10000001
1000001
100000001
2713
954000
207
43
36510000
6182000
1287500
224800
1010000
30885
32650000
51
127600
86400
1969
3530000
100000001
3017
121
93710000
6911120
10000001
20000
2170000
260000
697
1150000
413
376400
81200
175200
2650000
43200
62330000
110000
1197
24200
24200
13124
20728400
2691
110000
1000001
100000001
93400
1917
15000
14490000
1579
15000
1000001
375
59
6123
895
2904400
64800
696400
242320
981000
1000001
1000001
92400
52240
116000
719
1425
1323
100000001
1000001
11919
110000
6877
362000
1001
2427
8133
25154000
924992
3441000
7916448
5485
1000001
100000001
112200
7671
100000001
957
59
4983
284000
1053
832000
1470000
1995412
1850000
100001
13608
299200
6461
10000001
10001
20003
319200
1000001
1000001
100000001
1010000
15800
59
1001
100000001
4275
1570000
411440
1010000
41389
13916
6638400
25200
19
60810000
618000
3433
2050000
526000
1000001
398000
602000
10000001
510000
60000
52609
35000
15500
2039
53
559
3622000
13
10001
36505
231
1000001
110000
23090000
317
15000
156000
83000
10919
9403
239
196076
100001
2081
10000001
173103
1000001
1001
10000001
47025
8438000
36505
13517
14610000
422000
1881
1001
32669
5487
382416
10855
2097
1089
24539
37655
314000
1229800
51819
471280
18855
180469
100000001
100000001
10000001
1001
1000001
288564
1396000
10000001
5199016
24360
100001
454200
42089
95
39947
10027
4053
1035
935
100000001
6947
1085
43410000
9952940
18096
107206
123100
100000001
129658
90676
26600
11100
12332
4678000
27707
7727
29
11672
12717
49567
4283
397
263
1735
1000001
9827
58000
2171
81800
1000001
711
12717
5097
304
10000001
40245
187
5937
89200
32561
12915
229
15973
231
30309
459600
467497
3624784
323320
15610000
53260
31000
42010000
31000
1219600
84536
5637
113
1783
112000
2929
1305
381
10243
1136200
251
212000
7139
1001
1547200
38359
10829
75912
15016
6115
1073
87200
2050000
1937800
25973
38083
3389
112080
1000001
100000001
1000001
10001
910000
13570000
2558000
13399
2851
100000
235
13570000
77800
21880
63
247
2379
15000
122508
1000001
727
1000001
100000001
10230000
54013
100000001
17392
207956
19810000
5483
100001
619
2593
19900
20981
701
14444
166000
10001
1000001
10000001
5483
100000001
5549
857200
807
17167
1010000
406000
2211
253
847
1570000
913
897
95
5783
1000001
22383
3592000
1000001
1000001
1001
905
17575
10001
1334000
18917
10000001
1541
10001
41
343
229200
1000001
1995
165
1000001
17298000
1465
26192
73200
317
149
56684
2123
106000
10001
961
1010000
100000001
51
120000
44020
13
33760
2907
130868
301
25
952560
143
31400
235
6011
84010000
52410000
493
10000001
9290000
3881
1000001
37248
283
100001
14007
110000
301
440080
1000001
100000001
14610000
10000001
7687
8551
48807
23305
7203
22000
18611
273
1681
922000
101200
14610000
1000001
463
227
771
7077
261384
11007
16181
590400
10001
990000
259
42000
6090000
56916
1490000
20625
2747
457
2983
518400
12015
3515
191
2671
53200
10091
3067
1193
28800
1775
31854000
403
10000001
190800
6706000
16375
108000
100000001
170600
6681
898000
4058000
100001
1425
1302000
12749
1413
100000001
1000001
7985
1000001
589
141
771
10000001
4973
137
5357
291
1489
5553
16665
10000001
110696
13608
13608
122800
100001
8123
62000
10710000
15131
6422000
100000001
302600
6170000
545
104820
235
26984
15650000
814000
435856
234000
9743
1000001
25865
728080
26487
50907
503
117
17260
43000
4828000
32422000
962000
32800
10000001
15277
100000001
135
371
51127
1259
224376
45200
10000001
3244843.733333333306745771552
100001
487
100000001
14579
5487
2301
11100
718080
20000
2230648
34464
234000
866000
2386000
12010000
511000
331
1000001
100000001
100001
10001
5307
586400
8090000
1955
66800
494920
30991
351
4509
19600
64400
397
76400
33200
43200
7999
1455
826000
23
48400
1214000
110000
273
1000001
1353
10010000
114000
20251
52400
27567
5131
13
10001
10010000
8070000
100000001
5742000
100000001
637
197
4509
100000001
1000001
43200
333
26155
163
1010000
217408
1353
779
53
100001
305
10001
9157200
10000001
1000001
1000001
1429
100000001
6533
170600
186660
7301
15000
14603
100000001
178630
18953500
170600
29400
103800
48800
7301
20304000
100000001
7301
2163500
1000001
20450000
776500
15340000
60869.99674074073845986276865
7301
7301
304
4050000
16070000
8396
3587000
1000001
7301
24010000
100000001
7301
8761
9126
170600
515890
7301
23370000
304
1153744
9856
1000001
283020
100000001
25790000
18983
170600
8007.346666666665441880468279
7301
234840
7301
100000001
137800
1001
15000
85
73
49
20003
1000001
242870
10001
1068500
15000
10001
100001
1105000
7301
10000001
10001
28400
43080000
170600
1470000
3733000
2934841.891069628298282623291
266960
306236
20000
405
10000001
12046
283020
10001
14236
100000001
3244564.053333332838519709184
4828000
110000
776500
13871
179800
361351
50400
10001
13141
2003
13141
7301
186660
170600
1000001
1000001
113532
1000001
210222
23552
1981000
1000001
274990
13871
30200
380600
1854
2267
102213.3333333333325754210819
276976.0000000000468389771414
1514921.599999999987630872056
43
1835000
2888
100001
14603
7301
30268500
7301
10000001
618400
710000
9491
110000
16600
25900
10010000
2996
16000
61
1010000
5591
2930000
14601
10000001
19
7301
100000001
100000001
10000001
9126
2054000
8007.346666666665441880468279
497
100000001
258930
304
20003
100000001
4875
14603
123
4309.666666666666060336865484
10000001
1000001
5430000
16061
3003000
405
170600
3222000
745
50088000
19531562.66666666650621664303
7301
186660
170600
1000001
304
4050000
1000001
1000001
7301
170600
10001
39700
54374
100000001
100000001
95600
20000
2510000
879000
100000001
405
8007.346666666665441880468279
10001
17521
110000
179800
12010000
103800
2342000
266960
2934841.891069628298282623291
10000001
1762000
110000
10000001
740000
411500
1010000
833
97
2437
100000001
740000
7301
154800
10000001
10001
10000001
10000001
1178000
395440
7301
304
10001
10001
100000001
10001
1908000
435590
170600
130000
14603
4025000
100000001
150200
265600
1000001
10221
7301
100000001
10001
170600
7301
7301
10586
20076
10633690
2033560
1001
7301
170600
2930000
10001
170600
15556
3831
75296
100000001
100000001
10000001
8007.346666666665441880468279
38400
10001
8007.346666666665441880468279
20000
1000001
4774
80010000
10010000
110000
1000001
1470000
100001
205492.2666666666650598926935
10001
396200
64
499830
43175352.57283949758857488632
387410
7301
100001
8953
10000001
45270000
14926
170600
1219
9538
97
49
37
849500
10000001
740000
740000
22631
22631
15836400
22631
100000001
100000001
10000001
8007.346666666665441880468279
7301
7301
197101
475740
7301
9491
10001
42667279.99999999883584678174
100000001
304
1210000
516000
8761
7301
12411
23726
20450000
242870
170600
4833
2971892.266666666642322525150
170600
1908000
10000001
24091
12776
2248
16070000
1105000
7301
612000
10000001
56222
30152
44304
1000001
100000001
11100
10001
100001
12750
196000
10001
12508
10000001
3906480
485300
960600
16468
11694
11100
10000001
14610000
178630
170600
431654.5257283949758857488632
2273000
213
107
100001
242870
2054000
1000001
110000
63
20003
10010000
809
10001
2054000
20450000
395440
2154.333333333333030168432742
10000001
234840
7301
56700
100000001
20669000
100000001
10000001
19713
19713
5596200
995500
73
7301
7301
2419000
740000
10000001
7301
15
7301
100000001
46200
13473146.66666666655601147795
1141500
296016
2273000
102213.3333333333325754210819
1981000
2813200
4338
73200
110000
6632560
110000
886000
2796410
13506
45270000
8007.346666666665441880468279
203
7301
2154.333333333333030168432742
8761
1930000
1930000
8761
170600
166000
110000
170600
740000
1000001
10001
100000001
890000
33804
11430
33870
100001
11112
100000001
10000001
967600
10000001
15340000
10001
7666
568470
7301
308426
7301
973600
323170
323170
7301
7301
740000
7301
1210000
7301
3820
7301
170600
7301
1000001
304
14603
14610000
7301
7301
10000001
740000
13473146.66666666655601147795
10010000
15000
10001
7301
7301
170600
7301
203
170600
14603
7384000
3324200
7301
10000001
76100
41
100001
43
7301
10000001
740000
17200
170600
170600
12776
7301
1000001
7301
7095
33400
1030
2154.333333333333030168432742
26263135.99999999978422238200
1000001
35780000
1222530
1010000
170600
7301
3003000
242870
20000
203
6318000
20806
7301
14603
20000
179200
2003
7301
1470000
100000001
5234
13871
4542
9243
14158
2385200
55166
10000001
13806
10010000
43330
1000001
86406
100001
21110
1000001
10000001
10000001
15720
1330000
18976
100000001
6554000
1360500
7301
20000
304
13506
13871
242870
10000001
258930
7301
266960
304
14236
2565000
7301
7301
186660
339230
740000
7301
10586
1178000
12046
7301
13141
179400
403470
14603
435590
7301
1090400
2565000
740000
7301
22600
22996
11681
22996
101
7301
110000
14603
324486
20441
170600
523920
7301
405
304
119721
19346
7301
7301
7301
26261
7301
14610000
6860
41
7301
170600
14603
14603
304
203
72271
7301
15331
740000
10001
100000001
2003
2154.333333333333030168432742
17521
7301
48700
61
307110
7301
7301
266960
170600
459680
2382500
740000
242870
43
7301
14603
460700
7301
2127000
7301
7301
170600
7301
32860000
18990000
170600
13047
16791
170600
7301
170600
19346
170600
15000
15000
17521
7780
110000
15000
14601
16061
9491
1470000
14966
170600
100000001
170600
1000001
7301
2154.333333333333030168432742
2127000
7301
83
7301
627
7301
8396
9126
2959200
7301
1470000
38700000
331200
7301
304
18800
43
1847.266666666666651508421637
110000
7301
170600
20000
21
7301
1010000
427318
29162
890000
51448
100000001
20934
21044
11914
40600
23565
1297.000000000000227373675443
193
687
14791
11188
1435
27947
341012
1010000
7364
100000001
24542
47092
60754
10001
28832
100000001
100000001
9658
10000001
14466
10010000
119076
12750
28942
12244
210024
12090
12310
205008
14114
10000001
100000001
52284
100000001
15016
10001
10000001
2704000
1000001
100000001
100000001
21
15717
10221
1010000
30
1010000
11316
11316
110000
11681
33
12046
36
39
14236
15000
110000
77200
42
16791
15000
48
20000
110000
51
1030000
11122
19346
19711
15700
61
22600
64
36384
69
72
25600
26000
84
89
2645
190000
93
20000
7301
12776
304
99
101
20300
38408
7301
16791
10951
48546
10000001
7301
43264
54021
54386
7301
16426
100000001
387410
110000
7301
7301
14603
107311
1000001
7301
7301
17521
18981
23200
136000
124101
128846
170600
7301
7301
7301
21536
3222000
16061
17886
69
8135
59600
249
6134
110000
7301
165711
7301
7301
173376
1000001
7301
7301
16061
12046
146800
1010000
4273930
1847.266666666666651508421637
110000
1187
20523000
7301
210241
510000
9856
213891
810634.6666666665441880468280
74096
405
16666
304
203
7301
8396
565800
100000001
22822500
10000001
1000001
1347
237616
12046
5261620
110000
5414190
1470000
13506
203
258786
14601
21171
13141
1000001
100000001
10000001
27100
100000001
26500
14603
170600
7301
12046
1847.266666666666651508421637
27695
23361
7301
8288200
96600
34
15000
10010000
70600
67300
139600
110000
14906
14906
13101
10010000
10010000
1506500
1526
3679
430600
20000
15000
11100
7813
16000
15000
15000
110000
7301
12776
9856
18616
22631
7301
12776
7301
16100
7301
7301
7301
7301
21171
20441
22266
17886
1299
1010000
189071
9310
11681
13141
16791
17521
7301
14236
21901
7301
19711
14966
296016
14236
7301
4627
14603
10951
7301
9
111900
57200
162700
170600
299301
748760
305141
11681
7301
7301
322661
1000001
17156
23361
17521
19711
21901
18616
2641
7301
110000
12046
5177
7301
13871
10221
24456
20000
4752
14236
11681
18981
37
17886
10951
7301
11681
16791
12776
18981
13141
16426
8761
7301
14236
21010000
15000
1000001
7301
110000
170600
7734860
10000001
22266
7301
4343
19711
13871
7301
10586
7301
526600
16061
9856
7666
9856
7999850
387410
16061
1847.266666666666651508421637
7666
343
10586
170600
11681
366826
367556
7301
2236500
1000001
10221
5289
14236
446000
2181
3838
2405
1459
100000001
91361
55
10000001
100000001
1000001
24100000
100000001
3025.000000000000454747350886
2161.000000000000454747350886
18251
7301
11681
7301
1470000
14236
18616
7301
2170070
10586
13871
10221
2711000
14236
411500
22640000
13871
17521
7301
18616
20441
20076
19346
13506
9491
20076
8031
10586
21901
14966
14236
7301
1616000
13871
20441
10000001
152000
7301
14603
14610000
1000001
7301
8031
7301
15696
12046
11681
7301
17521
7301
7301
17521
1000001
40890000
32321551.99999999973442754708
14601
9856
14601
12776
100000001
18981
13506
12411
7301
17156
7301
7301
4050000
170600
11681
17521
12411
14601
8761
17886
18251
19346
7301
14236
9491
304
10951
100000001
7301
43080000
266960
10951
7666
7301
12776
7301
17521
22266
1689000
8396
20076
28836
22435600
12411
226810
15331
10586
2154.333333333333030168432742
1411600
170600
15331
14601
4463000
15696
17521
8396
7301
17156
7301
18981
22996
19346
7301
10010000
10010000
740000
22640000
8396
9491
274990
17521
11681
13871
298936
12046
10000001
12411
8031
170600
22266
20000
15696
21
11316
7301
22266
1616000
16791
8031
387410
3241
7301
10000001
170600
16426
1001
22631
170600
7301
7301
7301
7301
7301
1507
7301
163600
7301
11320
1958
2400
61
