8
2
3
26
7
76
21
67
5
212
459
5
66
114
94
50
104
84
4
19
7
11
18
16
17
72
261
13
13
1120
41
70
44
346
8
3
2
51
92
341
351
437
20
49
1297.000000000000227373675443
37
11
117
8
162
264
56
357
33
25
54
38
39
85
806
17
289
77
43
167
3428
49
2010
262
53
2
378
739
160
62
95
273
74
1308
1744
10001
36
39
124
5024
104
72
1282
142
112
403
68
42
74
102
410
144
166
54
64
258
313
127
49
9
6
244
209
153
9
132
1235
19
116
484
974
204
171
322
265
93
24
172
325
1297.000000000000227373675443
254
499
145
804
81
108
16
177
73
12
138
3
380
1002
248
38
15
110
111
259
131
421
96
749
132
1831
251
705
21
120
245
73
963
815
73
252
971
78
319
260
82
205
677
339
55
79
17
49
49
49
49
1432
34
1729.000000000000227373675443
609
28
796
588
187
661
364
4
229
404
2108
1154
1025
788
210
102
80
478
189
399
776
1178
11
47
1170
275
1601
210
419
358
103
600
121
243
2024
82
228
150
368
115
50
770
51
360
4
748
443
80
148
3783
128
324
1212
402
304
159
69
426
1123
1265
143
73
101
98
295
1465
1416
517
142
193
61
267
1805
135
909
418
109
803
428
148
1150
10
5
96
98
118
170
183
366
253
13
185
32
54
231
4624
301
63
439
293
1724
126
49
145
161
730
909
620
834
121
467
459
46
1572
83
733
615
7
249
100
13
568
178
1988
561
61
357
107
232
683
295
95
692
46
396
39
213
1846
1632
270
133
495
298
420
196
1982
146
482
125
2205
1347
215
205
165
318
382
292
465
308
593
119
215
773
41
152
719
716
49
49
257
73
22
49
15
203
61
21
99
10
12
3916
392
73
58
10524
9
203
978
75
423
31
3770
822
884
75
214
467
176
1792
647
62
6672
2305
8
263
361
73
70
274
10001
1054
447
117
1864
2483
1695
10000001
1297.000000000000227373675443
2542000
2365
14858000
242
654
123
777
1884
1094
905
117
916
824
1578
366
2237
150
9560
1126
28
165
3566
45
122
3711
4095
1626
379
1360
147
1530
3022
661
235
3074
2928
4877
1486
2109
947
651
422
1388
4204
436
27
402
528
150
729
935
1381
599
1952
245
1232
440
1135
179
49
498
797
130
3299
355
2572
4147
82
206
1996
1513
1058
3859
2610
1148
23672
2022
5241
962
4698
14968
1350
313
88
1325
306
347
1014
289
328
1511
91
1273
1344
124
933
711
202
1281
6991
26742
842
2677
17
530
2266
361
1081
306
288
359
73
49
272
22
1232
907
455
248
1152
2285
42
2263
2876
6773
181
236
3406
35
461248
789
11716
4789
178
1481
501
73
1298
32
1355
709
371
60
650800
847
240
496
282
2559
438
1613
903
99
10001
798
1790
369
100
1088
3602
330
44
55
625
828
1056
43
5801
190
1448
185
624
200
1215
2151
918
3172
25
31
10001
269
1312
152
563
277
65
235
336
1324
627
38
596
737
215
1250
124
11862
58
5047
217
1032
4021
634
129
466
132
1145
499
569
61
40
20003
1494300
163
397
534
993
15
152
341
112
2473
6663
26
15000
463
113
1238
510
238
15
2608
967
554
331
10109
3289
655
89
4506
850
10000001
322
283
481
360
84
32
189
83
408
2787
156
72
2558
643
825
751
23
144
247
6273
2472
481
600
15000
18
68
724
1320
1320
1010000
90
56
1717
49
458
439
40
413
5227
568
1859
1234
100000001
1385
319
557
90
855
2689
1017
339
927
48
139
141
518
4004
1003
702
1702
541
214
1755
1708
1314
1756
575
47
104
16
1595
296
110
744
141
199
132
475
17781
15415
94
34
117
147
1701
2003
921
52
1158
1084
237
1449
218
3343
4902
1370
3710
31
310
86
1297
740
247
28855
271
32
729
353
7486
9320
5087
182
240
897
1000001
1810
558
384
169
870
3497
2440
1905
47
276
135
207
20
5532
446
489
594
2702
500
617
1834
6039
707
56
709
871
8378
55
862
909
292
4188
837
2221
12410
294
10001
197
151
1427
108
290
111
2003
2783
103
2459
89
1001
106
2255
336
436200
1300
4312
52
137
579
495
2436
195
509
145
233
402
2900
3688
1988
597
999
2357
1091
164
4798
513
5549
9
1351
294
2805
219
1291
712
1001
717
802
421
1036
718
545
790
238
926
826
307
3108
1814
696
3993
4458
6
386
391
186
2299
333
224
882
5078
470
450
89
1502
708
1098
1819
2701
304
203
8128
762
760
807
1602
1434
941
952
1372
1040
4885
1597
401
2705
3182
203
764
175
3784
6817
4544
891
764
3927
1783
329
317
49
1066
155
817
4450
651
911
455
393
121
506
4507
535
196000
3502
3970
536
8834
877
311
7066
23
30
36
3571
400
762
456
90
807
70
457
1890
33
14
73
37
21
1125
100000001
7747
104600
133
9339
100000001
211753
4673
473
1059
31043
273
49
33
6958
2785
9491
216
37
20003
8007.346666666665441880468279
97
6165
61
43
37
7301
64
7301
7301
12361
2154.333333333333030168432742
43
7301
7301
73
627
203
193
33
45
53
55
57
304
1000001
249
76
13
203
3063
28
7301
7301
64
37
7301
15331
2793
35
2405
11681
14236
49
85
61
49
8651
1000001
1731.000000000000227373675443
40
1000001
100001
649300
59400
48104
1000001
10001
8117
561400
1139
13690
2959
1000001
110000
463200
110000
812800
6695
5355
2624
3745
10001
6829
1000001
14444
768600
10000001
1000001
7189
1000001
4289
1174
174
100000001
100000001
97
73
11320
227
340
10001
405
100000001
87858
10001
1918160
15000
100000001
1996000
100000001
100001
5
684
362
30800
1583
52000
2
6815
8332
158
100000001
3028
130000
94840
995500
1000001
26900
10001
20208
51
28480
110000
1263600
282000
16460
8964000
18410000
6873
10266
11320
20000
100000001
100001
17800
100001
73
9179
11100
10010000
110000
1000001
55958
10000001
1000001
10001
10001
8109
10001
10000001
2161.000000000000454747350886
1000001
332
1560
100001
100000001
100000001
1000001
180038
7730
21251
36800
30200
110000
13193
20000
6769
166000
865.0000000000001136868377216
100001
1000001
1000001
1000001
150
7035
3106
1436
42200
1000001
116000
54
3931
291
853
108
5478
309
1539
2123
889
30400
19620
2917
695
190
11936
9330000
4881
2227
299
56600
2514
1001
672000
196000
10001
12762
25200
6373410
1035
188
19885661.86666666650330625998
7119
271426
4880
947
1180180
722
118000
818
20800
7174
55
522
4535
5346
17823
565
405352
970
14565
8494
944600
8658
25503
627
100001
6410000
775
1132
6924032
359
4951
4732
1168
2790
105
6311
10671
3585
1000001
30988
5418
1037
28563
472
5779
26500
1729.000000000000227373675443
2427
4068
12530
116
26
113
4570
4294
1487
10001
836
1000001
2079
100000001
49116
1779
12618
20003
10000001
214000
10001
11431
1679
386
3684
2601
9737
2412
110000
1480
995500
740000
70918
2763
16006
64600
1579
1096
1107
10888
7676
7157896
585
10001
10094
636
14227
179004
42
6571
102
709
25
8626
1000001
7793
108
2897
10001
89662
58400
6454
12706
1000001
10000001
100000001
5801
1202000
1000001
15560
1735
876000
788400
85400
1000001
100000001
348
927
300
1131
100001
20596
100000001
10001
15953
159600
414000
207600
16447
9943
330600
614
26012
1659
1000001
4329
5675
36
915
6470
1922
54600
54600
10152
242
10001
114
100001
100000001
169
15855
917
10000001
100000001
514
774
1507
196000
649
84
1158
368
12137
110000
2324
2461
75494
1000001
131946
2738
5829
159
1691
705800
5536
1000001
3629
1254
3070
1754
10001
10001
13096
10000001
14870
28920
194
2003
3023
5182
17214
1798
150
10286
2450
737
20000
1523
3127400
1950000
100000001
1000001
157
49
23066
10001
4212
1570
1001
101
494800
10000001
79
399
11929
39
10000001
3564
395022
9408
861
2035
202800
1000001
68
4263
9553
8028000
4010
1076
598104
10001
1000001
865.0000000000001136868377216
203316.1579900407814420759678
10001
3119
4281
1770000
478000
10001
10001
100000001
100000001
100001
203
68200
100000001
100000001
2162
100000001
18246
10001
15100
7859
1519
1933
852
508
3606
10001
2003
20003
100001
10000001
43
9325
379200
240600
11458
19684
24086
4821
659500
8160
1000001
1836
6199
2730
5640
15200
15000
2144
26964
10000001
18527
27700
1000001
38400
38400
285
942
1136
85192
1363
11251
1125
1086
22131
9533
641
10000001
2574000
3693
354
4505
100000001
16627
137336
15610000
1568
435
10001
2789
541000
8381
5891
19033
893
7
2099
10001
8921
19584
2872
52100
29870
4168
1441
2242
1197
2862
1534
1097
507800
109
18558
975
1000001
15000
1001
6128
27296
921
100001
23124
1697
100001
10001
4450000
1895
2532
1787
32200
454000
2169
5902
15410000
18475
8170
21996
15000
193
283800
2462
157
10001
2130
16526
24900
100001
2003
2081
18600
87
233
61600
51800
419
829
2794
30100
7200
121400
3028400
227
100000001
10000001
16050
701599.9999999999943156581140
376
10001
1000001
1940000
1134
587
2267
14256
341300
100001
23827
196000
20003
1000001
2036
566
100000001
1010000
19200
93
10001
15104
233
3436
13554
16128
118800
1000001
10001
1000001
15000
2612
34200
34200
694
211
10001
1000001
26664
1001
733800
5605
1000001
2817
11580
4051
20003
5232
100001
1360
4128
3141600
3141600
3141600
1638432
3141600
3141600
31326000
2703176
354476
15659
60
103
2308000
17
483600
4737
20700
132496
132496
5569
34
4453
151000
54600
8276
614600
110000
43
839
21468
13400
9340
1010000
10010000
139900
2531
6067
6108
15357
2
23468
1010000
1000001
100000001
1651
2522
78
801
1010000
10010000
1000001
21
1000001
10000001
5792
203
84028
14136
28800
476
19300
8863
19300
810000
58
8087
269
1000001
2163
24600
2922
21023
2233
346000
3563
18890000
2364000
534942
127700
454000
223
241200
2313
75
7907
904
10001
10001
100000001
28600
12704
4029
1000001
13498
16952
5750
1402
10001
20800
1000001
96400.00000000001136868377216
2003
10000001
740
1338
832
1558
272200000
792000
2020
3344000
561
1732
2765
1778
3072
10010000
10000001
3006
10001
20230
17365
905
151
1563
100001
7853
12607
16900
10001
3491
1641
1001
10381
2981
117272
1532
9859
587
2028
31406
723
100000001
226810
12
100000001
11100
6615
10000001
121
8206000
141200
100000001
26052
5694
95426
1830
22562
1178
3334
1237
1478400
10000001
1000001
258
11100
509
1362
796
2237
563900
262
1267
11100
15000
1136000
14864
92280
4850000
723
1308
5796
12128
7771
1000001
3395
101
322994
7815
4193
960
10000001
100001
1453
10001
1287
23390000
2049
100001
22200
679
182832
3813
10001
5059
2684
4988
8130
1430
166000
166000
10001
7068
7867
1845
758
1318
257
3578
2509
7311
1107
29723
980
110800
1009
878
10000001
704
1858
265
23100
4843
39800
1042
3351
4961
240714
1330
377
10000001
105898
4360
10000001
11610000
2188
290100
2802
2116
50
658
122
11100
17400
75
25608
18728
9645
310564
35
443
2497
647
12771
565
10001
2040
1772
864
897
2262
723
1541
131
18300
2729
15200
5361
231
32800
2952
272
9220
8790000
19658
1183
1803
2611
1796
222784
1990200
5455
819
471
2673
2730
415
12946
8502
61
1000001
100001
10000001
939
6580
9656000
100001
1171
2638678
124290
100001
2633
2509
5048
11980
509
3042
10001
91642
6111
3712
322950
1000001
2382
26250
17993
461
109400
12934000
6275
300405000
1641
601
3552
55628
98462
100000001
155
677800
100001
1699
17080
10001
629
1792
10010000
1000001
11342
99
2418000
2418000
10001
27044
7510
1711
4604000
2298
6232000
10010000
155200
2862
451
15000
840100000000
4866
15736
287400
2784000
367
435
7864508
1000001
4033
13452
3794
424
3319
18074
83400
13387
36900
20851
100001
11012
1964
42290000
1001
214314
11526
27070000
1541
11100
22907
1000001
57610000
8620
100000001
8011
9970000
352
20003
1244
7906
551628
100000001
1001
13234
9043
9256
33200
12552
969
15000
15000
1000001
867
100000001
2575
1582000
1332000
269126
29360
186
10559
2328
3033752
1183
4669
10001
110000
792
3514
28194000
12429
11190
10001
5292
3266
4180000
1581
364
2265
25584
10001
4680000
2336
1689
83854
464400
2220
1278
3122
1213
2368
11355
1000001
13470
1000001
626
17217
592912
1858
100001
11017
958
3182
5098
264400
10001
100000000001
11100
10000001
7048
1761
500000
24999
1666700
303
81104
533400
159800
81
100000001
37896
950
2530
12870
2333000
46470000
673
356
89
10000001
8965
47664
1713
439
22528
10001
898
17282000
484672
2589
91610000
4904
1479
57000
2845
1489
13093
100001
197800
940
10001
100010000
1000001
9238
3258000
3104
1341
871
2806
28480
841
1204000
1166
3994
5837
11100
13430
544
7352
18129
2894
1491
509
893
120
1417
29200
3711443.199999999969577402226
5102
10010000
4166
1657
888
381800
37200
1251
1294
15000
21
2465
2696000
628
1619
183
5919
35256
44342
100000001
2160
2975
1838
13702
3484
11100
486500
4482
21300
21300
2625
4795
4855
28096
10001
26916
132804
11985
191368
10001
2888072
10001
24259
10001
7110
91200
1322
407
1000001
1265
26186000
768
377
171238
748
7211
7465
1980
4133
5409
3248
506
15450000
1000001
26840
90480
100000001
299600
3511
6517
4810000
2370
110000
473
6797
12950000
2699
2343
2960
4403
412
10000000001
10000000001
11100
27492
10816
908
2767
3326
1113
32704
1682
6683
862544
5304000
433
11100
33
66300
284
799
1010000
12024
1614
93
11320
1548
10089
2087000
10386
45200
24962
10354
1010000
10000001
10000001
3237
18800
20000
45
100000001
100000001
1000001
24092
10000001
2364
1360
491
12422
7508
2508
100001
13487
14881
1001
458
10001
18800
379
18074
9095
527100
9801
7315
5517
17687
1706
35
100000001
10001
223700
1690000
2063
1690000
53600
20000
948
11870
21638
1367
72
23642
6990
6630000
3573
890
12508
2200
711
46800
6407
10942
730000
69616
91
28400
378000
7602
1893
1247
3007
168
1106
393640
779
1070
12483
592
1198000
595
812
1189
27160
49974
1818
2568
1000001
405
1000001
2553
371
1000001
1718
21038000
4898
2505
111530
8525
100000001
10001
418540
192380
796
21595
82
6993
804
23458
412
10000001
100001
16160
748
2779
9809
189600
1705
949
110000
4324
129300
1194
1000001
1001
1000000001
10001
97
1000001
1000001
6980
309
1000001
2102
4840134.399999999960300556268
2620
981
2057
11672
17600
30200
66
481020
113
1980
2103
1000001
191
28010000
1887
7452
16442
3242800
1080
107394
1000001
51100
376100
25246
1662
950
5530000
5830
10000001
1117
100000001
100001
3787
5925
11100
100000001
1000001
10001
10010000
2683
15000
10001
15570
6454
880
16137
9583
823
1715968
163500
22278
8187
12259
12289
2209
2002
81600
382
2245
1000001
11100
9999
184
15000
83
9019
70544
460
10001
4093
47
100000001
15390
100000001
10001
1000001
10000001
20000
2357
10001
25032
76900
25000
151
3481
56002
1112
9657
7958
1000001
3204
13200
179466
122530
5116
5554
4106
45200
100001
1000001
758
14070
47000
5527
186
1127
9838
538
184
20003
29000
15016
7011
3061200
17659
10000001
103
83
87
2047
1553
1000001
1127
114465970
5960
1518000
3289
6586010000
944
875
52504
49461
100001
961
667000
3815
8911
1164000
1000001
3210
2489
1035
169
900
538
183
783800
2828
5117964
166
549
937
1005
510060
10832
1998
58200
5054
9618
708000
44900
6811
708000
801800
5761
1933
948
12864
194
1671
478000
804
2942
1000001
100000001
1000001
1000001
302820
8748000
106118
446900
48144
37
1269
10001
201
248744
1000001
10001
4832
5751
100001
100001
2297
281100
516
10000001
668
3932
325972
1928
10001
1463
3790
25600
166000
882
675
298
291
189
1000001
12514
10001
414000
2804
5422
1001
63
9535
860
66210000
58483000
1255
232
2052
152000
3627
20904
14741
288
2465
10001
7250
2714000
110000
247
5193
4073
394
2009
6551
2623
4770250
376
10000001
100000001
459680
3075
12
10000001
100000001
100000001
1533
15000
865.0000000000001136868377216
229
12382
1733600
1000001
647
700
332
12881
692
100001
11525
17818
882
5119
97
49
10001
20003
352523.5604345858446322381496
16099
865.0000000000001136868377216
100000001
286
100000001
10001
20000
2590000
577
6681
856
2356
1861
1736
1471
5160
2590
20707
1000001
1000001
4713
3020
5820
2201
2003
100000001
43080000
10001
100000001
14218000
14444
380216
10001
1611
48803
1000001
2710
1656
5271800
1894
179
100001
10001
18965
30298
320
24410
16798
3321
122400
619
18646
10001
19300
97
73
2003
286
10393
488000
33900
7585
15764
672200
3800
554600
351
38336
10000001
1433
3366
1010
12964
2406
479270
26570
338
5126000
784
368
17610000
10000001
386200
608
10001
5962
5391
1659
442498
862200
1001
734
12893
2815
100000001
2008
20286
171200
76300
14191
12932
2506
10001
223
3457.000000000000454747350886
3025.000000000000454747350886
1147
1068
356000.0000000000454747350886
10001
100001
10000001
100000001
100000001
13124
9058
3612
902
1773
10070000
10000001
5925400
769
1851
1376
6531
337
976100
10001
636
14389
1176
18184
183400
1000001
2983
1018
8053
2312
793000
2941
1564500
100000001
1000001
10000000001
100000001
1224
3807
7312000
4455
23533
1452
12107
1366
2206
52200
5743
1118
100001
1000001
10001
20010
456
1000001
100001
645
400000000
1378
1418
24645
243266
1920
274
616
7795
5608
2827
1000001
14739
1223
11100
398
110000
27854
48874
25554
1103232
100000001
1000001
20000
15000
74600
1000001
100001
17610000
5024000
448
11973
346
9714
1842000
17598
917
11188
24091
14842
203
94
10001
10001
267
21506
1013
1000001
865
411764
10854
5098
171
36282000
234
452000
6126
222
109
256
2932
7383
1000001
1052
5449
5546
44914
430700
14
10001
485
2323272
5197
1993534
3035
521
7
1229201
525
11342
9413
10000001
100000001
4525
9931
1034
1109
3799
2238900
2837
8256
46
206
73100
313210000
1837
422
100000001
5216
1000001
1760
736
22472
965
6890
1495
7534
11100
38
4907
10000001
981
7468
754500
4686
56750
782
726
100001
378000
100000001
387410
303766
1264
10001
106
358
49
15248
1217
2737
429
22648
2831
100001
155800
147
273700
1316000
18206
131600
1217
2037
3581
6349
57300
9913
2925
2056
6449
809
96500
110000
97
73
49
1993
100000001
100001
1010000
6263
2391
10086
15000
243
86120
100000001
9431
10001
78600
10001
10001
10000001
919
1625
10001
1000001
20800
606
284
10001
100001
691500
10001
496046
100001
37346
10001
304
1333
10001
100001
3544
9074
10001
6316000
1000001
5807
1392
1208
1012200
9871
3853
7345
937
4739
1000001
100001
10000001
70590000
10001
7072
100000001
49270
3098000
87
15702
15000
43
8883
110
17025
825
11100
19152
417
28000
5513
112
673
5112
745
1570000
1925
962
3107
10010000
15000
273200
293800
1420
1616
1682
7248352
10001
526000
526000
10001
13710000
100001
100000001
10000000001
100000001
1000001
225
47
5186
155
1001
5746
304
819
1069
367
10000001
5202
3175
3535
6893
529
264
49990000
1319
10574
10001
3959
512
17464
10000001
120
723
1000001
53120
36532
2773
562000
11408
1001
10000001
11100
24400
213
3291
2804000
820900
8110
30600
2655
6601
270624
7170000
45800
359
671
40866
1404
31200
2557
93500
1870
20000
11650
6356
20003
110000
26903
6779
14444
34440
236
218
16551
2725
24763
19261
1000001
10001
1077
115
4931
7775
5666
23222
1000001
64
24006
1248
173
856
3021
6304
16970000
100000001
270
1130000
11100
13
1000001
24497
107
10000001
15280
2334
1419
221
10000001
2338100
806
12087
1344800
1000001
100001
100001
100001
6241
20200
188900
3375
29
24245
3849
1000001
22600
21324
13323
5396
9358
12420
3164
117
7370
2003
548
2676
8081
14409
1000001
2786
756
9184
4619
9784
826000
516
4863
10001
11223
2003
10000001
100000001
13300
8057
100001
1000001
480
410600
294000
10001
4174
6335
2604
1990000
3542000
1763
1509
6243
154
16249
323
409
1375
125522
2975
1177000
1790
10001
20200
52
12548
2182
9405
21000
56600
226
18800
25431
16275
20000
46
5198
12068
456000
10258
900
11056
11320
10001
3672
659
10001
10578000
7389
10001
905
1950000
11730
5232
53076
1587
53076
1173
6938
10001
27365
10699
3150
2526
22298
560
15374
408
10001
3090000
13626
311
10001
100001
1010000
6408000
3200
1056
221000
467
2673000
10000001
1297.000000000000227373675443
14111
18778
97
49
10001
100001
10001
97208
100000001
21308
1000001
75600
440848
18840
693
10001
3039
21610
3655
22025
1147
14626
2843
3522
2460
1379
65800
457
1357
210
2611
2965
237
146532
4557
1176
675
337
450
3490000
175
50400
92258
2229
879176
15522
252
151100
28230000
10672
546
3127
1195
969
103912
226900
482000
2806
209
1513800
12266
7008
836
2695
79930000
3997
10001
3317
22
155
9381
10001
2728
100001
149700
1398
100001
100001
100001
10001
10001
405
100001
810000
10001
312200
10483
416
270
9342
925
565104
18873
3344
3327
1467
12086
1000001
503
4456
10001
15000
27597
62536
2976
181
121
5557
9419
10000001
17165
11513
31
10001
100000001
100000001
100001
1000000001
598302
3054000
10001
100000001
423
100001
152
1270
272
20003
1196
8998
529
7119
10001
26500
11871
2735
3948000
1211
7
1001
10001
657
9795
10001
100000001
1000001
1000001
244200
6732000
2071
2016
87
47
412
3605
2941
6155
478000
478000
2992
235
97275200
13872
177
4388
51
3496
16468
10568
1000001
26746
1640
2099
465400
5124
7370000
14050
20570
15000
337
2453
12467
368
20000
14140
639
11100
6499
39
4208
114
1000001
7339
100001
10010000
1010000
3402
1010000
20000
11100
15000
1482
27600
13872
6276
174
123
1107
2691
4331
45
1216
5802
13102
323
5911
234
13102
521
100000001
17610000
327288
638
186000
5889
19172
946
2333
4022
3062
12134
321
3918
9292
2837
452
1770000
15346
880
10001
30200
30200
203
2334000
100001
973
5505
19152
1568
16968
5690
100000001
73
20664
13894
178
493648
13034
1971
1469
869
10001
13550
9011
174868
10001
1631
52400
52400
6975
242540
2434
8329
2359
103280
8019
472000
576
12585
10707
1100
64272
198
324
23800
37600
4027
74200
820
15397
62866
1001
1000001
1010000
10010000
473
16228
100001
960
74400
1000001
25832
278
9005
17108
3074
18721
8687
7239
1142
304
203
1000001
286
2773
8431
100001
10000001
14532
16204
9726
471
5440
785
870
61800
4498
50400
1000001
10001
452
193200
917
4949
412996
266
648
414
153880
1145
10001
76
11827
3144
509
939
277
100000001
1102
248980
166
7367
166000
812010000
407
100000001
20000
361100
18614968
1676
1619
54
10001
1319
7328
13937
24432
1650000
3900
16845
1148
71350000
3894
10001
953600
1822000
8105
946
171
1315
100001
12112
2161.000000000000454747350886
5960
485
6756
397
4717
100000001
434000
27240
170800
1123
15000
15000
2257
100001
1111
4507
367
235200
1864
1461
5942
1346
8145
252010000
149
3069
1000001
4437
5561
620
10001
20000
5846
24897
725
35
17894
2519
19997
34394507.73333333305072301300
34870000
10001
30284
24200
2991
43506
43506
1524
715936
51992
82400
1729960000
100000001
27182
166200
1644
9503
1121
15000
926
49144
187
879
731
100000001
6990
4801
158
327
10001
1000001
9042
10001
14664
355
223114
1310
670
21593
4528
1288
25814
694
28700
188
3423
7296
9081
1475
10001
646
586
25475
1000001
61250000
100001
2818
2409
1433600
100000001
163
23
6450
12772
1000001
6048
575300
5654
194704
2585
8084
1886
15523
100000001
1612
6145
931
228
54700
35823800
446
17281
404000
49900
304
73690
10001
4947
2013
3392364
10001
1010000
10000001
441
609
10001
4067
10000001
11250
1501
2203
12684
123
1243
100000001
10000001
1000001
10000001
100001
10000001
10000001
100000001
1000001
10000001
4031
8624829.013333332015463383868
26164
10854
17229
6922000
15000
110000
1000001
29844
10000001
28141
15470000
51930000
2003
4593
1244800
100001
13159
16985
100001
4135
10000001
761800
1000001
203
100001
10001
15446
1000001
1887
197814
2203
822
11660
932
2614
2076
1570000
23073
12230
1001
10001
10010000
5073
166000
10000001
493120
10001
1001
1000000001
1000001
10001
512
1000001
159600
326
1001
13775
485
2317
10001
15370
17400
1753
1142
479
20000
30
10001
10001
8701
2173
2370000
11100
55800
12984
8319
230
100000001
2737
161250
2492
430
4468
823
275600
2408
1000001
1927
122400
15000
10001
100000001
1000001
2812
1769104.000000000231466401601
499
23112
506320
5667
48410000
130
494000
12585
527
10001
11474
11750
358
293
1000001
16477
1971
1275
25182000
20000
86098
1000000001
10001
304
203
553
10069
423
1000001
10001
477808
544000
1627
1010000
773
1609
14202
192
11562
5491
83
10001
1686
2003
12753
282206
2365
11100
698
10828
995
7430000
2003
1000001
1000001
1000001
10395
1084
1000001
100001
1000001
100001
92400
10001
1000001
1000001
10001
10001
100000001
10000001
57
11339
21484
523
698800
12602
240200
11033
8210
150
1585
25600
230
3808
254
25796
117600
4139
23112
5448
105000
684
191800
136
38402
87484
100000001
20000
1000001
98400
10001
1000001
10001
11342
1000001
11100
50
1891
21308
10001
15000
47800
19292
29
10001
10000001
535382
196
1010000
10001
307
328
153
15290
155600
203
200
11100
540
2749
15000
20000
18608
15000
15000
5925
2560
15100
914536
130
105
155248
30400
15100
15100
4510
100001
1428
15610
10001
208
1010000
318
88244
159292
6787
2003
358400
100001
10001
166000
17800
1000001
97
73
9303
64464
12134
306000
1262080
299
252
26382
328000
13498
100001
100001
3177
1000001
1579600
1892
110000
1000001
20000
214
929
27
6265
53800
161
352
23578
1310
3926000
11488
2031
277
11100
612000
5111
98200
100000001
5301
3562
132540
31
2350000
116
21700
12574
12574
33400
313000
16044
1516
67200
1001
21600
190
59
829
30800
1000001
100000001
10001
10001
100000001
26800
100000001
1000001
100000001
42758
116000
30200
100000001
2223
704234
23971
1000001
2385
2776
74372
148
100000001
2419
211
10001
447
19636240
69378
46
520
10001
13212
24600
2851
716
8143
15000
795
4714
1158
3680
1001
1000001
100000001
245
4818
100000001
100001
1000001
14929
100000001
10727
1823
3404
94482
8000
4005
15104
233
90030
15300
280
15300
10001
177000
100001
1000001
100001
19
12
100001
10000001
2998000
250
10517
100000001
10000001
13831
15000
15200
1000001
51380
21200
3607
10721
24500
579
307
10001
399300
545
27102
736
100000001
10001
100000001
10000001
2026000
3296
3655
1311
2233
1724
2964
140350
10001
1001
2221
58070
2186
4143
15000
690000
10010000
17195
10000001
22560
1000001
100000001
3222
2003
44276
1144
1048
494
4557
2359
990
21804
840
1241
1000001
18317
3316
68900
10001
10567
567
1202
1025
410400
2003
20003
100000001
13
250000000
100000001
100001
805
624000
3747
1001
3284960
787
671
12812
9790
10001
23281
3197
28579
100001
1000001
100000001
793000
2027
10001
5141
702
1051
1673
716400
13681
3574
1993
4914
13118
790372.0647544381208717823029
85
10474
418
2850000
2215
35322
64
18736
391
5163
10501
838000
512300
922
32044
11775
2642
95284
8478
732844
53056
645
12854
2873224
1505
18342
75230
424
2536
208
991
677
1775
720
28422
29500
21044
6906
362
2686
117580
4891
754
21924
543
3941
1199
4431
31300
3484
528
100001
1000001
1840
3553
8151
287
300000
146
1001
4470
1182
2210
699
5924
2171
24520
1000001
10001
10000001
436
15060
1000001
10000001
100001
1000001
110000
6280
57800
1000001
10000001
36114
20003
4061
13778000
6885
10000001
33
1000001
624
3806
563
338
11084
762
970000
12728
10001
10001
1000001
49
25
10001
3518
125
24991
1000001
7243
14077
1309
19700
15714
1550
25600
45000
3648
4750
684
10001
1801
110000
36
250000000
100000001
4470000
14664
634000
1000001
260
4920
2868
78392
13916
179
110000
3052
15236
239
40
110000
15600
2003
2987
600500
182
356
10000001
5668
2337
3302
10076
269
34706
1010000
450400
8357
2762
328800
1632052
36000
10000001
39500
24038
388300000
15000
17270
402000
402000
45
1137
2697
2190
4776
19887
1163
4656
224100
2142
2891
100000001
295208
12511
34992
1137
5596
3713
12914
7143
170200
1605
27622
10933
13230000
2981
10466
6590000
418600
348
10001
99
2003
1742
10001
1515
20000
1000001
679856
269
496904
20428
1001
405
304
11062000
3695
15182
1000001
12673
20000
7146
583000
3353200
1000001
1000001
101
1421
723
10000001
106780
4840
1000001
1000001
10001
3834
13058
11210000
10001
305
6304
515
6933
7729
1001
3256
10001
380
160000
130902
31802
152
11567
17574
10001
1000001
100001
2939
10001
1000001
100000001
581800
1000001
2048
464
1302
2228
376000
10000001
2194
1273
1480
5542
3161
1289
168
21196
29122
110000
110000
9905
290998
79564
1684
14938024
2409
10797
102620
510
3061
981
446920
606
12508
5547
262000
1000001
100001
126400
1000001
100000001
10001
1480000
614
5353
1407
25830
13074
14275
2005
136
4441
8995
186100
354000
2786
1650
58348
4886
17865
52900
10001
5493
2455
11302
1000001
1000001
11919
28200
3425
1028
489
5399
89
1045
2015
4823
220000
2961
13986
1067
639
482810
3638
100000001
19669
10001
1000001
31938000
57
904400
4473
10001
8156
1000001
8752
10001
100000001
630000
10001
1900
892
14463
3989
3589
8346
100000001
52200
1509400000
9406000
86200
3927
1286000
186000
14444
405
666
2003
10079
47300
27600
268
1000001
82410000
1001
1430224
1290
107
1000001
1000001
85
73
49
157
1330
6249
2479
33100
10000001
76800
115928500
110000
229
4130
137
192
10150
11731
1213
17233
4089400
7696
2216
1000001
10001
1000001
13589
22358
5632
3000
2030
7839
34300
20488
10000001
100000001
306
1011
18
11717
100001
4390
47600
2204
189
26319
11860
546030
3570
925
1357
470600
10083
2459
2811
3333
5192
2597800
5185600
1000001
2561
10001
5582
6666286
328
4887
10001
5114
1219
228218
10622
1159
3361
216
1000001
4470000
25703
161970
3757
5480
778
702250
102300
16500
959000
26932
68200
1000001
22600
10001
1000001
1000001
638
122320
15
612
2595
125610
5256
2533
38622
2174
6118
4301400
2231
127722
238100
467
111800
10001
10001
100300
904
9451
100000001
3447
6790000
12765
2736916
6563
290
100001
222
100000001
1158
1860
831
187
18470
5671
386
90100
1598
48
12360
10440
30614
170138
100001
8650240
62500
14193
353
12458
176
229
25919
80380
1190
28464
1242
28887
2040
2410
3705
10400
19700
98
378
294
5121
8064
88400
55452
11297
28631
21900
10156
2568
9133
5736
231144
1031
11728
15834040
24890000
25714
184812
6015
413
42200
15791
12118
601
402800
29712
206400
1965
10151
10000001
16177
100001
13184
5544
4905
756
4221
100000001
44562
100000001
10001
2201024
28100
3827
4157
27
10001
1930
22837
750
14606
1222
1157
126
396
1896
4192
726
5712
11016
961
404000
73
1585
918
10001
128500
1186
7833
8665
8694
524
239
73000
631
8939
4507
20186
1000001
2393
4407
10000001
1000001
10001
413
61400
28720
21557
1729
1104
8757
29098000
12750
1829
576
326
5649
100000001
3797
2576000
8447
44672
8051
1720
12420
1000001
461
110364
493084
12517
8613
3414
110000
10001
2970000
10001
3146000
3657
834
898
2577
2435
10001
375
2775
1509
805
14531
4639
15529
1034
17693
9866000
5253
375000
60000
501
151000
1000001
176
18426
560
6903
431
80
19184
508
453
14531
5385
968
6883
18181
85000
4889
1001
4597
85
161
13718
100001
1000001
1000001
2751
4001
18789
3460
390000
48000
191
13566
646
100001
222
142800
745
4550
116400
10001
5587200
143
5985
210200
278000
23400
1455400
2124
100
972
631
1058
10001
5898
1284112
6195
1122000
557
10001
12670000
18771
182
496
1106
127
589
922000
276
399
3100
866
128
215
1519
1923
10010000
100001
1802
1919
1000001
14410000
25244
13412
1440
5176
15746
1001
955
1000001
97
10000001
8189
75690000
2617
567
12904
133
6603
3153
394
8640
6957
56800
18976
391
2493
207340
49192
97
10001
10001
14126
58800
10000001
100000001
11100
494
15192
10001
20000
10001
100000001
3201
13081
100000001
8579
1000001
2707
152
4540
168
114200
37500
35916
760
2003
11729
586
8664
21185
14477
10001
14732
100000000001
10001
1000000001
1001
14768
819
235400
3785
18812
5
233332
1000001
14481
1240
11176
942
4546000
4095
12077
47400
47400
1000001
12694
17401
356000
28863
6510
5482
9566
6417
14950000
88
2991
911
11100
6974
4214800
128008
835
2003
10001
12716
1317
328
11320
195200
1470
18434
2626
30400
3932
2003
1946
2673
10001
23024
283
18
272000
27680
10001
6810000
10001
21531
332
426
3340
250
3143
878
100001
126908
31000
1931
1010000
2940
1059
2969
423
3976
4210000
52000
52000
430000
11100
772
229200
1279
914
2135
15412
10010000
14116
570450
1770
3096
10010000
11100
190400
117
1000001
1000001
1000001
101400
2316
2292
6119
544
153400
1435
1423
3411
2139
729
15819
166000
8347
100001
1477
5297
10001
6186
4729
15169
3187
465
544
6890000
13672
7831
52200
406
425
3581
12068
11804
166000
10001
67222
282998
304
100000001
100001
2768
704000
701
891
13799
59795
9247
369
1962
972
411
1109
100001
1210000
10001
1276640
243
143
134592
9687
10001
71400
78640
3121
15250
10001
1837
11628
3215
813
377328
1000001
100000001
1664
148314
36202
1726
8659
2362600
10010000
4250000
7173
2751
970000
51496
14532
4966
79
100000001
9596
1426272
2118
8797
100001
2643
2957
70456
13231
559
1808
633
142
14312
13652
2390
242
352272
458000
225
12169
109700
15200
110000
190000
10001
1000001
583200
1849600
100000001
164066
936
20000
238484
33900
33900
110000
11100
15000
59600
59600
34800
34800
18162
3215740
387
752
21295
3010
29365
669
100000001
11787
6214
894
6980
579
10001
10001
24356
782
143
25000
2200000
1816
528
1012
45400
45400
27200
27200
173
16952
10001
2284
2369
635200
1000001
100000001
1000001
100001
5424
10001
10659
10001
4979
10001
304
203
5109
5839200
2499
29
3985
4645
299800
5094000
340460
10478
100001
1001
1010000
1910
10691
5307
16463
4466
2403
22135
5258
9380
13251
7356
6182
130000
1001
8955
7406
22318
725400
100000001
41200
5336
2511
1973
26643
100000001
298800
100001
4807
197242
1396
2081
20170000
12377
48104
13908
306000
43466000
101256
2378
299068
1262
17964
1000001
255542
11162
1008
28066
69730
16035
2788
6246
3206
299
1098
18906
2133
244630
7018
1175
784
39700
1393
10276
490000
100001
875
2575
3311
27776
10001
3403
557
2090
1761
1546000
34046
3330
178000
651894
436000
214
29158
3318
18447
29602
29602
892
647
1000001
3043
859
8290
1381
1045
1211100
303
58240
100001
6258
10510
12193
20345
158200
44980
4565
52720
906
334
1465
1120
3070
4316
11883
1146
995
10306
1118
100001
378984
316810000
781
9845
1000001
317600
344
609
320024
16991
3992
874000000
10000001
100001
1001
841
5487
1443
1052
49
1868000
225
15416
1607
863
5819
149
16339
28988
16070
452
2870
100000001
468
48628000
11210
7773
180
17533
23100
245070
2080
8910
5173
150074
76550000
3828
6004
3013
520
110000
1000001
564
10001
23523
5957
18888
100000001
90200
4151
154800
3916
5978
3085
19220
2185
5053
39400
627
1001
938000
334000
2075
2003
5204
2041
1743
114
39744000
2444
2884
3397
2947916.799999999975852915668
148
22085
4882200
100000001
1504
2936
468
100001
8110000
714
256
12814
12131
386
28800
198000
198000
19400
7807
766
4923
5893
2946
4201
4079
866
100001
726
4834
715
7006690
1929
13922
3313
3234000
360
12310
106
8336
18855
2073
3960
470
10000001
637
2092
157
38424
21800
60
632
71
1391
577500
3134
4786
2022
8865
2536744
6394
1452
453
218
9863
1623
5457
1386
1004
8498000
103368
2793
1504
1295
467
262
44606
9719000
666
2500
2446
100000001
664
9795
1000001
901
313
168620
100000001
57600
1001
13523
11329
1738
100000001
1620
12685
16082
8188
4974
20978
166000
160
10001
73
1000001
5975
33350000
1930
10001
569
1000001
10001
488000
4789
6827
4716
7183
65792
2537
4960
5604
3601
8745
3281
180
5622
5769
173200
17024
22072
1969
246
46610000
1976
4553966
4853
38402
2306
246
271
19
825
9854
589
299
81
2587
48
507
1048700
7753
631
10418
1104168
100000001
5230000
4777
9016
100000001
1983
1000001
5720
476
1000001
931400
5376
20217
2196
341
10010000
7865
20000
1633
167000
786
1459
1432
11506
45
100001
201730
8716
3272000
11752
107
4057
3433
151
26234
21400
10445
642
546
3989200
323
382
5187
217000000
3240
4149
641070
3384
5346
10140
6440
100000001
5753
1773
17036
10001
2145
10000001
100000001
12
5575
20000
31582
982
19449
246
230
1901
27807
3741
16072
277
10001
1588846
4830
1046
100000001
3742
913
20820
3608
7291
911
2003
96460
20000
1000001
79388
537
274000
8024
2012
1400
1000001
2003
9183
713
407
197600
5718
3503
74600
707
324
2944
809
7808
658
100001
361
15908
1975
16534
7401
4907
1000001
304
56266
10000001
22782
1000001
92
1000001
9189
584
1000001
14376
874
13576
11474
1653
11474
11100
843
16468
71
320
100001
3923
28666
3196
100000001
395
4748
700
829
20000
14290
32
1000001
1780
1272000
963
18289
5288
19026
12046
1000001
306600
42626
7079
6505
279896
2487
642000
156
69
812
125
4130000
207
4693
4526
22600
20000
3772
126754
6015
4076
765
1795
1395
1674
1000001
2010000
210000
1001
2236
1766
84400
745
1000001
173300
3253
700
1000001
2777
301300
847
7130
924
7430
1961
29697
31100
7316
416846
110000
258000
198012
8547
100001
10001
1000001
40646
744
100000001
5129
10617
1647
1737
141800
1319
1567
59200
4606
279
493
100001
12081
1135
100000001
435
292282
43030000
1001
104710
4306
10204
10780
6507
4327
2824
1000001
11225
10001
58600
397342
11804
83
283
48610000
10001
10001
244
24589
8111
337
1731.000000000000227373675443
100000001
1000001
98800
10001
1000001
279200
1127
144600
1155
354760
17601
1138
4062000
14400
201
4649
15434
949
794
1000001
3689
7290
6476
55584
1172800
10221
10218
1239
618000
305
30922
5016
1680
1078
13568
65272
2950
14684
142
100001
2093
240600
1051
3737710
28488
203
1239
2204
836
12555
1000001
35058
1000000001
100001
10001
1000001
11606
2551
107174
3264
16823
40800
13388
155
1770000
4501
1997062
11315
550
4614
292864
14679
2717
13997
6563
970
91792
30200
5410
672
3131
979
27461
28410000
16836
1000001
100001
1000001
10001
18888
405
4443
865.0000000000001136868377216
1000001
100000001
10001
352
198
3094
219
58730000
66300
157
629
1000001
10001
12031
10000001
44518
16100
412000
1459
43700
7584
330
11617
67
412000
4566
10001
2389
9865
994
3083
1110
57
1878
277982
6509
2810000
2476
19079
10001
6842
50900
5017
110000
1930
750000
8048
282
13396
10865
7023
11423
11927
1781
304512
21508
2135
625
1140
2709
105
100001
20362
10001
11606
12112
15000
5097
10001
10001
534
498
5425
10000001
6012
205272
10001
10000001
1210400
533
100000001
50800
22342
7180
5394
503
3115
19740
488
5213
137
255
25200
1875
250
11650
5134
7285
5302
48670000
5313940
82010000
11100
100000001
1000001
17611
201
500
766000
1681
398400
3885
3093
15522
15522
3110000
13496
1440
5108
6046
2915
2262
98396
2586
12747
16402
6270000
14199
10675
21461
1869
10615
2795
13899
59
813968
1001
1000001
3227
570286
2858
3955
55400
316000
6846
475
154
6510
57
3055
398410
956
976
340000
876
127480
26500
10001
1094
1111
27901
10000001
1000001
10000001
100001
4546000
249
2003
613
10000001
12965
978
10001
2654
19898000
804122
2218
6550
162
27300
4660
11548
3187
3673
1000001
10001
4617
854
10001
24551
4686400
22211
17602000
100001
6213
1627
2722
10001
2198
10000000001
2989800
1000001
4917
5353
1000001
1758
36728
2058
41
5862
207
96400.00000000001136868377216
59600
19
9
479062
221002
599
49
35300
24407
17675
516000
254
847
162
1000001
15966
10001
6447
223
590
6912
6178
881200
110000
1010000
99
3652
3583
18336
31210000
3908
1185
1021
1427000
1655
12653
17172
219
437
3942
10001
6034000
23929
273
650
21022
502
459
80300
6813
9106
8136
11853
1001
638
889
98
176
33460
7007
173
11870
86
15000
15000
34
10990
100001
9324
1285
38490000
344
10000001
13122
10000001
10001
199
2183
689
6220
728
29400
3426
10001
10001
12
2022
280000
565918
800
3235
12244
92698
895
1096
1000001
46900
15000
18324
10001
8850
10001
1000001
474000
1499
6937
7505
1363
13058
1693
140
12207
11233
1321
14404
1000001
431
64648
28150
206
5111
11830
12724
227
100001
752400
26400
7027
2674
89970
5654
226
1790
15000
60446
2427
477
100000001
1495
153
4750
52
100001
10001
12662
296
11516
2537
3030000
2278000
572
25100
25100
2995600
174032
148000
691
8137
248
10000001
5224
19256
7024000
11876000
70786000
478000
81126
100000001
1000001
1000001
1000001
951400
18449
16209
800
12498
316
42736
649
3191
4820
10001
2226
405
10001
1786
7685
10001
27427
18999
123454
20847
1001
1362
110000
383
20802
266500
2566
6422
1010000
6484
186
602
10000001
27363
3561
100001
35
18669
4793
17479
22508
170500
10000001
1000001
10001
8356
1806
7417
110000
27
2172508480000
4452400000
20000
11027
1000001
344
2004000
10001
10000001
110600
79400
110000
11100
1010000
2202
13
1010000
110000
72400
10001
78
20681
983
10001
1749
1000001
43080000
100000001
675
1010000
1000001
100000001
17419
14928
13903
110000
83
1000001
495
387
59421
2187
3103
1125
9705664
440713
784000
71568
49
1281
10001
89
1619
2355
6147
11645
46800
13229
701
53
34772
514297
1845
27644
69
4481
198000
19196
516836
18571
2927
6637
12923
613
8907
98924
3
642000
3173
1233
69092
1664800
7973
1000001
4685
2719
20000
33
7287
5017
14057
419
12925
5143
1421
813
1495
71820
6889
100000001
39273
10000001
3043
708200
1000001
3155200
355
1065
1043
100001
11761
10001
1131
6379
1000001
10000001
399
6789
590400
2873
2699
27
11848
10001
11923
3317
1001
1595
1000001
727
287
2377
4251
21506
73200
31061
324292
10153
100000001
2903
88818000
3086000
100000001
1000001
11331
2415
129
273200
24593
552400
45289
9
1000001
241
11320
373
1638000
6336100000000
195
227
46570000
1677
2999
12508
159160
1607
100000001
207
100000001
241
614000
10001
353
277
1309
10000001
10001
205
961
1902000
142456480
1902000
133
1285
26129
1010000
3849
4365400
2777
943
740000
325
326200000
1210000
10000001
10001
7306000
452662
3629
42303
100000001
59475
110000
213
100001
10895
391
52885
132892
2619
6070000
39200
11100
1589
26060
20600
10000001
757
5401
5
10001
1000001
100001
5481
11484800
91
5701
465
100001
133300000
69530000
100000001
882000
391
93
1310000
6157
12332
1471
377664
889
141
77
19577
101
2273
1487
2465
10141
815
36581
611
472000
415
15413
457
4355
619
479
215
395
2885
97
131
407
63
2054000
701
2443
67
897
1935
1612896
4436400
1187
2479
5482600
6679
517
43535
4631
1109
13279
10000001
13
122640
165
349
1001
13
4545
5565
223
485
1823320
129200
91
10913
11843
24523
301
10001
681
36783
42445
68800
781
459
32263
92400
67130000
1109
10257
1415
985
1000001
574600
51617
1881
13212
5905
13059
7851
554000
8203
781
19745
4973
9787
3357
5135
6363
819
73
2737
208792
916400
167608
2710000
7141
243
10001
9639
99584
24639
371
1000001
592000
61
1000001
15000
652300
52
2154.333333333333030168432742
65
1635
7301
7301
14610000
2959200
1010000
7301
170600
15333
2200000
67
7301
203
8031
110000
1000001
3770.599999999999454303178936
7301
10000001
8031
8396
10000001
8396
7301
19866000
100000001
14610000
170600
9126
7301
203
9491
9491
10586
7301
7301
7301
24091
10001
9856
100000001
184000
1000001
698000
740000
234840
1000001
7301
10000000001
97
61
1032000
740000
10586
8007.346666666665441880468279
10001
886000
7
1010000
995500
10001
22000
2273000
1470000
1000001
1412274.554172839038074016571
19406568.76974151283502578735
16000
229
132000
10001
10001
10000001
7301
1000001
12046
17156
220096
101
8396
10001
283020
22652
363320
7301
356241
7301
9126
15696
10001
9126
118991
10000001
813000
10001
7301
170600
7301
20003
14356
1000001
8761
304
4810000
10001
10001
315140
100001
490000
7301
7301
10000001
12092
8761
9491
1297.000000000000227373675443
28927
64
8007.346666666665441880468279
1433500
100000001
100000001
10001
2579
10001
110000
10010000
97
30
61
49
3743
8062
37
10001
10001
10001
82491
8761
10001
83
11320
10001
19
130000
10000001
497
74492.48444444443157408386469
2154.333333333333030168432742
203
923.1333333333333257542108186
3149000
7301
22000
805
87966
2154.333333333333030168432742
2154.333333333333030168432742
7301
1470000
3689
2810000
7301
7301
10001
10001
11681
170600
1470000
8031
135243670
10001
3001
740000
8761
7301
100000001
110000
1158290
10001
3755
226810
3013
6789
1000001
100000001
31736
100000001
73400
289400
10001
20000
7301
395440
11650
8007.346666666665441880468279
8007.346666666665441880468279
302221
10001
54751
140700
1729.000000000000227373675443
10001
1871500
10001
110000
10010000
10001
10001
3207
7301
9856
18616
7301
25
427560
9491
1000001
10001
3
61
849500
18981
1001
10001
203
10001
10001
9856
9126
218780
7301
7301
7301
5169
9856
8031
12010000
210200
8396
10001
10001
7301
8553
24091
100000001
7301
10951
20076
7301
10001
7301
1001
7301
7301
304
1981000
347260
100000001
100000001
13432
16307
10000001
11100
923.1333333333333257542108186
10001
101
20000
886000
8761
242870
10001
10001
10000001
170600
7301
81000
1010000
339230
7301
7301
10001
19403
15000
10010000
10001
10001
43
120655.9999999999990905052982
10001
7301
7301
22266
154800
100001
10001
11799
10001
1981000
37
22631
740000
886000
1010000
1000001
2934841.891069628298282623291
10000001
8396
170000
7301
7301
2154.333333333333030168432742
304
7301
7301
7301
7301
8007.346666666665441880468279
10001
8007.346666666665441880468279
10001
7301
8396
740000
8007.346666666665441880468279
405
23547
619
40800
7301
7301
923.1333333333333257542108186
2972000
27598
740000
10001
21180000
10001
10001
10000001
626400
14312
11760
1000001
100000001
13039
11452
10970
60468
10001
10001
10000001
9491
7301
78010000
10001
8007.346666666665441880468279
250900
5489
102213.3333333333325754210819
10001
7301
7301
10001
10001
431654.5257283949758857488632
10001
12332
7301
7301
7301
2054000
242870
10000001
419530
10001
10001
1762000
10586
81610000
1000001
234840
234840
9126
8007.346666666665441880468279
2154.333333333333030168432742
41
20003
10001
8007.346666666665441880468279
64
8007.346666666665441880468279
7301
7301
110000
21691000
10221
10000001
7301
740000
100000001
10001
9856
18678
9856
9491
7301
7301
194690
1000001
1000001
776500
9491
9491
9491
9126
620280
7301
7301
1001
22201
14966
10001
14603
7301
7245
10001
4708
61
8007.346666666665441880468279
8007.346666666665441880468279
7301
7301
2226280
220826
7301
170600
8396
2565000
1835000
10001
12
37581
7327
38380
10001
813000
1000001
7301
7301
15333
250900
10000001
414000
7301
7301
17530000
100000001
7301
7301
190166
110000
7301
1470000
7301
7301
7301
7301
7301
203
100001
101
10000001
7301
110000
7301
2209
7301
27020000
7301
7301
7301
7301
7301
849500
10001
14603
7301
97
61
7301
170600
7301
1001
1001
1000001
1001
3149000
170600
8761
1847.266666666666651508421637
26400
83
12010000
7301
42841.01777777777169831097126
23
13811
7301
7301
7301
1977350
1513800
14610000
14610000
7301
21180000
7301
7301
7301
218780
7301
12
10000001
10001
98836
145190
100000001
10001
28582
11100
1000001
10001
24300
100001
411764
7301
7301
1470000
7301
100001
203
7301
7301
7301
14603
7301
153301
16791
7301
7301
266960
14603
1000001
339230
7301
7301
7301
7301
30200
234840
1470000
170600
106946
26728000
7301
923.1333333333333257542108186
14603
7301
7301
1000001
258930
9491
128800
7301
266960
4914
7301
14603
7301
507860
9856
237794800
7301
740000
100000001
7301
203
923.1333333333333257542108186
7301
7301
29631
1871500
7301
853
7301
7301
1981000
7301
7301
7301
304
2054000
7301
17600
41
218780
7301
7301
7301
18616
7301
923.1333333333333257542108186
10000001
7301
7301
7301
7301
7301
2265
7301
37
1000001
16791
18616
10000001
100001
7301
7301
324486
7301
7301
1470000
15000
7301
7301
7301
7301
7301
1210000
123
7301
7301
7301
7301
7301
7301
100001
170600
7301
1010000
7301
21
21
11100
21
12
10001
100000001
3057400
1000001
17436
100000001
67002
28363
29
1297.000000000000227373675443
201752
687
14030000
1000001
10000001
28810
26170
11166
1000001
100001
10001
10001
15000
21
7301
23
26
1010000
28
20000
39
40
43
13117
16426
15000
20000
20000
52
56
58
21600
60
65
133
67
68
71
17100
76
79
28584
19900
17156
15331
10951
17521
110
17886
554200
43436
7301
48546
7301
7301
52926
7301
54021
27661
57306
12046
7301
7301
7301
7301
7301
7301
101
7301
100001
88696
1001
2089770
100000001
7301
7301
64
43
100000001
7301
7301
1001
124101
25000
740000
128846
7301
427560
7301
7301
16061
7301
4033000
7301
7301
2381
13871
14966
1000001
7301
69
2154.333333333333030168432742
102213.3333333333325754210819
13
7301
7301
3575320
7301
163886
7301
102213.3333333333325754210819
24091
130000
175201
178851
7301
14603
7301
2696400
7301
7301
85394
7301
100001
7301
3161
196006
469
7301
7301
7301
7301
206226
22435600
7301
7301
9856
14603
7301
7301
7301
304
203
220461
7301
7301
23726
14603
1506000
10000001
7301
231776
7301
7301
21
17
100001
7301
14603
246741
7301
194000
123371
7301
3689
65
7301
20806
10586
22266
7301
15000
97000
262436
7301
267546
8396
7301
274481
7301
2154.333333333333030168432742
7301
7301
7301
7301
19720
224
1584
534
4309.666666666666060336865484
2154.333333333333030168432742
1880
2830
9153
8396
2154.333333333333030168432742
7666
40
7301
9126
2154.333333333333030168432742
12046
18616
21901
10951
21901
289811
2003
7301
15696
7301
14601
4146
7301
17521
7301
19
8031
20076
15331
27741
18616
25551
8396
2127000
7301
7301
9
100000001
100000001
16500
7301
339230
100001
306236
7301
2242340
2282490
7301
311711
7301
316091
5109050
7301
7301
21536
7301
17156
325581
3453
21171
14966
4037
15000
7301
7301
5177
14236
7301
3207
1621
85
9
61
274846
17156
7301
20806
309200
100000001
138100
7301
7301
339451
340181
7301
12046
7301
37596
2113
7301
348211
7301
351131
1771600
170600
1001
7301
21901
7301
14236
17886
7301
20441
11681
7798000
16061
7301
21536
923.1333333333333257542108186
18251
18616
7301
7301
3186
19346
7301
266960
16426
52
3614000
110000
2863
7301
18251
7301
22266
7301
2181
1001
12
1001
1297.000000000000227373675443
7301
19711
7301
203
17886
9126
10586
740000
7301
8396
7301
769200
7301
16426
7301
8761
7301
19711
7301
7301
7301
1470000
7301
14966
332516
8031
15696
16061
14236
7301
21536
14603
1000001
18616
7301
7301
7301
14236
15696
7301
7301
7301
7301
15331
7301
8761
4959400
7301
15000
7301
7301
7301
7301
7301
7301
17156
7301
100000001
7301
7301
7301
7301
14601
22996
7301
7301
7301
18251
405
13506
14610000
17
7301
7301
7301
7301
10586
16061
16426
18616
10221
7301
16061
7301
7301
170600
7301
7301
9126
7301
18960800
18616
10586
20000
100000001
15000
1001
443620
7301
7301
7301
24091
10001
7301
13070
7301
1507
7301
97
35
25
15300
