-0.4261429470973793
-0.42408063022432696
-0.43294612191694837
-0.36563666075511064
-0.389987484056136
-0.4261429470973793
-0.4261429470973793
-0.3565010749814598
-0.4261429470973793
-0.42408063022432696
-0.39736705488862945
-0.3954777692680444
-0.39736705488862945
-0.38151953354829976
-0.3954777692680444
-0.38151953354829976
-0.39736705488862945
-0.36571348326125
-0.3715205128743032
-0.370586780130956
-0.389987484056136
-0.38151953354829976
-0.370586780130956
-0.5576714701902127
-0.5576714701902127
-0.5576714701902127
-0.38151953354829976
-0.39736705488862945
-0.39736705488862945
-0.3839988019546683
-0.43294612191694837
-0.36571348326125
-0.4261429470973793
-0.4261429470973793
-0.38151953354829976
-0.3839988019546683
-0.46857152088307047
-0.36571348326125
-0.370586780130956
-0.370586780130956
-0.3660377649166669
-0.43294612191694837
-0.38151953354829976
-0.3954777692680444
-0.3815907688266741
-0.3993699426986605
-0.38151953354829976
-0.39736705488862945
-0.36571348326125
-0.4550935549369125
-0.39736705488862945
-0.38151953354829976
-0.4816143372283521
-0.36563666075511064
-0.4022043091677956
-0.36563666075511064
-0.389987484056136
-0.3954777692680444
-0.46857152088307047
-0.4261429470973793
-0.4261429470973793
-0.42408063022432696
-0.5037964987417124
-0.3816047999607986
-0.3954777692680444
-0.4880979641577255
-0.38151953354829976
-0.3816047999607986
-0.3839988019546683
-0.39736705488862945
-0.4551649660919356
-0.39736705488862945
-0.39736705488862945
-0.38151953354829976
-0.39736705488862945
-0.3565010749814598
-0.39736705488862945
-0.3671104125206193
-0.39736705488862945
-0.3839988019546683
-0.39583955944406224
-0.4236708954816377
-0.38151953354829976
-0.3839988019546683
-0.389987484056136
-0.36563666075511064
-0.45172586617101673
-0.460469325742678
-0.4106817470690177
-0.4261429470973793
-0.4261429470973793
-0.3660377649166669
-0.4261429470973793
-0.3954777692680444
-0.4261429470973793
-0.39736705488862945
-0.4022043091677956
-0.5250190761983096
-0.46857152088307047
-0.46857152088307047
-0.37572482068535507
-0.39736705488862945
-0.3660377649166669
-0.39736705488862945
-0.46857152088307047
-0.39736705488862945
-0.38151953354829976
-0.39736705488862945
-0.36563666075511064
-0.38151953354829976
-0.39736705488862945
-0.3660377649166669
-0.3839988019546683
-0.39972409621576727
-0.38151953354829976
-0.37572482068535507
-0.37572482068535507
-0.4362346473367085
-0.39736705488862945
-0.3660377649166669
-0.3839988019546683
-0.3565010749814598
-0.3671104125206193
-0.39736705488862945
-0.5095181432922393
-0.39736705488862945
-0.38151953354829976
-0.39736705488862945
-0.38279206154800005
-0.38279206154800005
-0.39736705488862945
-0.44616322637707734
-0.39736705488862945
-0.389987484056136
-0.38151953354829976
-0.39736705488862945
-0.3839988019546683
-0.46857152088307047
-0.39736705488862945
-0.3565010749814598
-0.38151953354829976
-0.36571348326125
-0.39583955944406224
-0.48777024312284345
-0.38279206154800005
-0.3839988019546683
-0.3839988019546683
-0.3671104125206193
-0.3715205128743032
-0.37572482068535507
-0.37572482068535507
-0.389987484056136
-0.4630381085812842
-0.4807744338076442
-0.45172586617101673
-0.4553672584934721
-0.45113431852300734
-0.4667538135229209
-0.4667538135229209
-0.4261429470973793
-0.4261429470973793
-0.3969313066546232
-0.4261429470973793
-0.42408063022432696
-0.4896675568367129
-0.4261429470973793
-0.42408063022432696
-0.3839988019546683
-0.39736705488862945
-0.39736705488862945
-0.3671104125206193
-0.3671104125206193
-0.46857152088307047
-0.38151953354829976
-0.39736705488862945
-0.389987484056136
-0.3671104125206193
-0.389987484056136
-0.3565010749814598
-0.38151953354829976
-0.36571348326125
-0.39972409621576727
-0.4880979641577255
-0.38151953354829976
-0.39736705488862945
-0.389987484056136
-0.39736705488862945
-0.39736705488862945
-0.39583955944406224
-0.389987484056136
-0.39736705488862945
-0.39972409621576727
-0.3660377649166669
-0.39736705488862945
-0.39736705488862945
-0.39736705488862945
-0.3839988019546683
-0.3565010749814598
-0.39736705488862945
-0.3839988019546683
-0.3565010749814598
-0.39972409621576727
-0.3715205128743032
-0.37572482068535507
-0.370586780130956
-0.389987484056136
-0.4880979641577255
-0.38151953354829976
-0.397813405008121
-0.3839988019546683
-0.3660377649166669
-0.3816047999607986
-0.4880979641577255
-0.38279206154800005
-0.3671104125206193
-0.36571348326125
-0.46857152088307047
-0.3816047999607986
-0.3565010749814598
-0.44616322637707734
-0.46857152088307047
-0.39736705488862945
-0.3839988019546683
-0.3839988019546683
-0.3839988019546683
-0.38151953354829976
-0.39736705488862945
-0.38151953354829976
-0.46857152088307047
-0.364730262536306
-0.38151953354829976
-0.38151953354829976
-0.3671104125206193
-0.38151953354829976
-0.39583955944406224
-0.39736705488862945
-0.3839988019546683
-0.37583366012776287
-0.39736705488862945
-0.3660377649166669
-0.4788646840476573
-0.39972409621576727
-0.3751218806954319
-0.3839988019546683
-0.38151953354829976
-0.38151953354829976
-0.39736705488862945
-0.39736705488862945
-0.39736705488862945
-0.38151953354829976
-0.39736705488862945
-0.38151953354829976
-0.3671104125206193
-0.39972409621576727
-0.3839988019546683
-0.38151953354829976
-0.38151953354829976
-0.3954777692680444
-0.516276709617548
-0.36563666075511064
-0.39736705488862945
-0.38151953354829976
-0.389987484056136
-0.3685420130029627
-0.36563666075511064
-0.36563666075511064
-0.39972409621576727
-0.38151953354829976
-0.38151953354829976
-0.38151953354829976
-0.39736705488862945
-0.4389368735761663
-0.39972409621576727
-0.370586780130956
-0.41100658911342985
-0.389987484056136
-0.3839988019546683
-0.39972409621576727
-0.3839988019546683
-0.41978158998391524
-0.3839988019546683
-0.39736705488862945
-0.3660377649166669
-0.3565010749814598
-0.389987484056136
-0.37572482068535507
-0.38151953354829976
-0.38398989261648997
-0.38151953354829976
-0.38151953354829976
-0.37572482068535507
-0.38151953354829976
-0.38151953354829976
-0.39972409621576727
-0.38151953354829976
-0.39736705488862945
-0.389987484056136
-0.41978158998391524
-0.370586780130956
-0.39736705488862945
-0.37572482068535507
-0.370586780130956
-0.38151953354829976
-0.3685420130029627
-0.39736705488862945
-0.39736705488862945
-0.3839988019546683
-0.5576714701902127
-0.4701977045916914
-0.44739736087446397
-0.45172586617101673
-0.5316733937721616
-0.460469325742678
-0.45172586617101673
-0.4500731126123678
-0.45172586617101673
-0.4531275427071094
-0.5094857449234355
-0.44739736087446397
-0.42408063022432696
-0.4261429470973793
-0.43294612191694837
-0.4261429470973793
-0.48433738375749125
-0.4261429470973793
-0.42408063022432696
-0.4261429470973793
-0.42408063022432696
-0.4261429470973793
-0.42408063022432696
-0.49876649331627027
-0.4261429470973793
-0.49876649331627027
-0.4261429470973793
-0.43294612191694837
-0.43294612191694837
-0.4550935549369125
-0.4261429470973793
-0.3954777692680444
-0.44283133107862704
-0.4261429470973793
-0.36571348326125
-0.3994889612344779
-0.4085330673280382
-0.42908985756762
-0.5046231586908837
-0.42408063022432696
-0.48433738375749125
-0.42408063022432696
-0.4106817470690177
-0.4106817470690177
-0.4261429470973793
-0.4550935549369125
-0.5980547238015776
-0.39736705488862945
-0.39736705488862945
-0.3816047999607986
-0.3715205128743032
-0.41978158998391524
-0.3839988019546683
-0.389987484056136
-0.3773811840042389
-0.5988235090515941
-0.39736705488862945
-0.4085330673280382
-0.389987484056136
-0.389987484056136
-0.46857152088307047
-0.364730262536306
-0.3839988019546683
-0.38398989261648997
-0.38217867196771504
-0.39239801381080414
-0.389987484056136
-0.38151953354829976
-0.3816047999607986
-0.3715205128743032
-0.4880979641577255
-0.3565010749814598
-0.38151953354829976
-0.38151953354829976
-0.3715205128743032
-0.3565010749814598
-0.364730262536306
-0.3816047999607986
-0.46857152088307047
-0.3839988019546683
-0.3565010749814598
-0.4551649660919356
-0.3565010749814598
-0.38151953354829976
-0.389987484056136
-0.3671104125206193
-0.4012035145332651
-0.4400788880607592
-0.41978158998391524
-0.36563666075511064
-0.389987484056136
-0.38151953354829976
-0.370586780130956
-0.3954777692680444
-0.3993699426986605
-0.37583366012776287
-0.38151953354829976
-0.389987484056136
-0.3816047999607986
-0.38279206154800005
-0.3685420130029627
-0.38151953354829976
-0.38151953354829976
-0.36563666075511064
-0.3816047999607986
-0.41978158998391524
-0.36563666075511064
-0.3715205128743032
-0.460469325742678
-0.397813405008121
-0.3816047999607986
-0.3715205128743032
-0.3815907688266741
-0.3565010749814598
-0.39736705488862945
-0.3565010749814598
-0.39736705488862945
-0.3839988019546683
-0.5021103852560601
-0.576867799582448
-0.36563666075511064
-0.3660377649166669
-0.5250190761983096
-0.3715205128743032
-0.3565010749814598
-0.3954777692680444
-0.4236708954816377
-0.3994889612344779
-0.3954777692680444
-0.4198167424852791
-0.364730262536306
-0.37583366012776287
-0.38151953354829976
-0.38151953354829976
-0.3816047999607986
-0.48205432391253267
-0.39736705488862945
-0.38151953354829976
-0.38151953354829976
-0.370586780130956
-0.389987484056136
-0.39736705488862945
-0.3685420130029627
-0.4400788880607592
-0.5231046685384902
-0.39736705488862945
-0.39736705488862945
-0.39736705488862945
-0.503861159671268
-0.39736705488862945
-0.3565010749814598
-0.39736705488862945
-0.41978158998391524
-0.3954777692680444
-0.39736705488862945
-0.3635288311716505
-0.38151953354829976
-0.4198167424852791
-0.38151953354829976
-0.39972409621576727
-0.525212931535936
-0.364730262536306
-0.3565010749814598
-0.5281176191309613
-0.3839988019546683
-0.370586780130956
-0.46857152088307047
-0.370586780130956
-0.37572482068535507
-0.39736705488862945
-0.3839988019546683
-0.39736705488862945
-0.39736705488862945
-0.39736705488862945
-0.39736705488862945
-0.39736705488862945
-0.39972409621576727
-0.39736705488862945
-0.364730262536306
-0.3773811840042389
-0.5368810106123886
-0.389987484056136
-0.39736705488862945
-0.38151953354829976
-0.39736705488862945
-0.38151953354829976
-0.38151953354829976
-0.39583955944406224
-0.39736705488862945
-0.38151953354829976
-0.38398989261648997
-0.3839988019546683
-0.38279206154800005
-0.38151953354829976
-0.38151953354829976
-0.38151953354829976
-0.389987484056136
-0.5940276208722202
-0.5680810543630361
-0.38279206154800005
-0.3839988019546683
-0.39736705488862945
-0.3816047999607986
-0.3839988019546683
-0.46052284842229635
-0.4082264309664575
-0.46857152088307047
-0.4978868711389961
-0.39972409621576727
-0.44912548308508266
-0.41978158998391524
-0.4880979641577255
-0.364730262536306
-0.389987484056136
-0.389987484056136
-0.389987484056136
-0.3839988019546683
-0.38279206154800005
-0.39736705488862945
-0.39736705488862945
-0.4537818173209794
-0.3954777692680444
-0.42908985756762
-0.5449519717433093
-0.4531275427071094
-0.5087027027050915
-0.48721817503515696
-0.45113431852300734
-0.5149542866510415
-0.460469325742678
-0.44739736087446397
-0.4527302761711874
-0.44739736087446397
-0.45113431852300734
-0.46114384784437235
-0.5601044590029676
-0.4500731126123678
-0.46114384784437235
-0.4630381085812842
-0.5620387373213096
-0.42408063022432696
-0.48433738375749125
-0.4550935549369125
-0.4106817470690177
-0.4261429470973793
-0.42408063022432696
-0.4261429470973793
-0.4261429470973793
-0.42408063022432696
-0.4261429470973793
-0.43598214270169966
-0.4261429470973793
-0.42408063022432696
-0.42408063022432696
-0.42408063022432696
-0.42408063022432696
-0.42408063022432696
-0.42408063022432696
-0.42408063022432696
-0.4261429470973793
-0.42408063022432696
-0.42408063022432696
-0.4261429470973793
-0.42408063022432696
-0.42408063022432696
-0.383348681741801
-0.4997616358361063
-0.42408063022432696
-0.42408063022432696
-0.4261429470973793
-0.42408063022432696
-0.42408063022432696
-0.4261429470973793
-0.4261429470973793
-0.43598214270169966
-0.43294612191694837
-0.4815932356012109
-0.48433738375749125
-0.4909358219890989
-0.4261429470973793
-0.40045956023276347
-0.42408063022432696
-0.42408063022432696
-0.49876649331627027
-0.43294612191694837
-0.42408063022432696
-0.42408063022432696
-0.42408063022432696
-0.42408063022432696
-0.42408063022432696
-0.4261429470973793
-0.4788678506345762
-0.39736705488862945
-0.4853282748749562
-0.389987484056136
-0.3993699426986605
-0.49418461391178875
-0.38151953354829976
-0.389987484056136
-0.3671104125206193
-0.3751218806954319
-0.39736705488862945
-0.39583955944406224
-0.389987484056136
-0.36563666075511064
-0.3715205128743032
-0.3816047999607986
-0.397813405008121
-0.39736705488862945
-0.39736705488862945
-0.3839988019546683
-0.3660377649166669
-0.3671104125206193
-0.4330580598299222
-0.3839988019546683
-0.38279206154800005
-0.39736705488862945
-0.3839988019546683
-0.389987484056136
-0.41978158998391524
-0.3839988019546683
-0.38151953354829976
-0.46857152088307047
-0.39736705488862945
-0.389987484056136
-0.3565010749814598
-0.38151953354829976
-0.389987484056136
-0.38151953354829976
-0.389987484056136
-0.39736705488862945
-0.38151953354829976
-0.3954777692680444
-0.39972409621576727
-0.5676914146857001
-0.3961340625070749
-0.3839988019546683
-0.39736705488862945
-0.370586780130956
-0.3839988019546683
-0.370586780130956
-0.3635288311716505
-0.39736705488862945
-0.38151953354829976
-0.370586780130956
-0.4880979641577255
-0.38151953354829976
-0.39736705488862945
-0.4878820681081136
-0.389987484056136
-0.389987484056136
-0.39972409621576727
-0.39736705488862945
-0.370586780130956
-0.370586780130956
-0.3839988019546683
-0.38398989261648997
-0.38279206154800005
-0.3839988019546683
-0.389987484056136
-0.389987484056136
-0.389987484056136
-0.38151953354829976
-0.3660377649166669
-0.39736705488862945
-0.3839988019546683
-0.38279206154800005
-0.389987484056136
-0.38151953354829976
-0.3839988019546683
-0.39972409621576727
-0.39972409621576727
-0.3685420130029627
-0.3816047999607986
-0.41978158998391524
-0.38151953354829976
-0.3565010749814598
-0.39736705488862945
-0.3839988019546683
-0.38151953354829976
-0.39736705488862945
-0.4389368735761663
-0.4485036745270997
-0.39736705488862945
-0.38151953354829976
-0.3839988019546683
-0.3839988019546683
-0.3839988019546683
-0.3635288311716505
-0.38151953354829976
-0.37572482068535507
-0.370586780130956
-0.3839988019546683
-0.39972409621576727
-0.3994889612344779
-0.47044596233853186
-0.3660377649166669
-0.39736705488862945
-0.39736705488862945
-0.46857152088307047
-0.3660377649166669
-0.3685420130029627
-0.389987484056136
-0.39736705488862945
-0.3565010749814598
-0.3945812618891856
-0.39736705488862945
-0.3839988019546683
-0.38151953354829976
-0.39972409621576727
-0.39736705488862945
-0.3685420130029627
-0.389987484056136
-0.39736705488862945
-0.3839988019546683
-0.3565010749814598
-0.3565010749814598
-0.39238142847924723
-0.37572482068535507
-0.38151953354829976
-0.3816047999607986
-0.39736705488862945
-0.3994889612344779
-0.4400788880607592
-0.4050649840636004
-0.3994889612344779
-0.389987484056136
-0.39736705488862945
-0.5238897375206896
-0.5988235090515941
-0.46857152088307047
-0.389987484056136
-0.364730262536306
-0.39736705488862945
-0.49324656174399406
-0.364730262536306
-0.38398989261648997
-0.370586780130956
-0.38151953354829976
-0.39736705488862945
-0.39736705488862945
-0.39736705488862945
-0.38786347098269425
-0.5305832947696406
-0.3635288311716505
-0.38151953354829976
-0.39736705488862945
-0.3565010749814598
-0.3671104125206193
-0.3565010749814598
-0.389987484056136
-0.3839988019546683
-0.4389368735761663
-0.36563666075511064
-0.38151953354829976
-0.37572482068535507
-0.364730262536306
-0.3715205128743032
-0.38151953354829976
-0.39583955944406224
-0.39736705488862945
-0.46857152088307047
-0.3660377649166669
-0.3685420130029627
-0.370586780130956
-0.39748614583828895
-0.39736705488862945
-0.37572482068535507
-0.3635288311716505
-0.39238142847924723
-0.3685420130029627
-0.36571348326125
-0.38151953354829976
-0.36571348326125
-0.370586780130956
-0.36563666075511064
-0.4059338401158949
-0.38151953354829976
-0.4017350863102927
-0.3816047999607986
-0.39736705488862945
-0.38151953354829976
-0.39736705488862945
-0.3635288311716505
-0.3565010749814598
-0.370586780130956
-0.39736705488862945
-0.3671104125206193
-0.39736705488862945
-0.38151953354829976
-0.38151953354829976
-0.37572482068535507
-0.4389368735761663
-0.3635288311716505
-0.37572482068535507
-0.3839988019546683
-0.38151953354829976
-0.39736705488862945
-0.3954777692680444
-0.3839988019546683
-0.39972409621576727
-0.3839988019546683
-0.3715205128743032
-0.3715205128743032
-0.38151953354829976
-0.36563666075511064
-0.370586780130956
-0.38151953354829976
-0.36571348326125
-0.38786347098269425
-0.39736705488862945
-0.39736705488862945
-0.3839988019546683
-0.36563666075511064
-0.3565010749814598
-0.39736705488862945
-0.39736705488862945
-0.389987484056136
-0.38151953354829976
-0.389987484056136
-0.38151953354829976
-0.3751218806954319
-0.38398989261648997
-0.4880979641577255
-0.39736705488862945
-0.3660377649166669
-0.3954777692680444
-0.5021103852560601
-0.5576714701902127
-0.3839988019546683
-0.364730262536306
-0.46857152088307047
-0.3954777692680444
-0.3816047999607986
-0.4485036745270997
-0.389987484056136
-0.39736705488862945
-0.3660377649166669
-0.39736705488862945
-0.3839988019546683
-0.38151953354829976
-0.36571348326125
-0.38151953354829976
-0.4880979641577255
-0.38151953354829976
-0.39736705488862945
-0.37572482068535507
-0.38786347098269425
-0.4176985855762757
-0.3685420130029627
-0.3816047999607986
-0.364730262536306
-0.39736705488862945
-0.46857152088307047
-0.39736705488862945
-0.37572482068535507
-0.39972409621576727
-0.36563666075511064
-0.38151953354829976
-0.38151953354829976
-0.3839988019546683
-0.3565010749814598
-0.370586780130956
-0.39583955944406224
-0.38151953354829976
-0.39736705488862945
-0.3839988019546683
-0.37583366012776287
-0.3635288311716505
-0.37572482068535507
-0.39972409621576727
-0.3635288311716505
-0.389987484056136
-0.3715205128743032
-0.39736705488862945
-0.39736705488862945
-0.4880979641577255
-0.43348096574591816
-0.364730262536306
-0.36563666075511064
-0.39583955944406224
-0.38398989261648997
-0.38151953354829976
-0.38151953354829976
-0.3565010749814598
-0.389987484056136
-0.3565010749814598
-0.39972409621576727
-0.5231046685384902
-0.3565010749814598
-0.3565010749814598
-0.38151953354829976
-0.4198167424852791
-0.3715205128743032
-0.38217867196771504
-0.364730262536306
-0.3839988019546683
-0.38151953354829976
-0.3635288311716505
-0.38151953354829976
-0.397813405008121
-0.38151953354829976
-0.39736705488862945
-0.3839988019546683
-0.4880979641577255
-0.389987484056136
-0.39972409621576727
-0.4115761950545122
-0.3816047999607986
-0.36571348326125
-0.36571348326125
-0.3715205128743032
-0.46857152088307047
-0.389987484056136
-0.38151953354829976
-0.39972409621576727
-0.364730262536306
-0.3685420130029627
-0.3685420130029627
-0.39736705488862945
-0.39736705488862945
-0.38151953354829976
-0.44084796572647067
-0.3635288311716505
-0.3993699426986605
-0.4017350863102927
-0.39736705488862945
-0.3993699426986605
-0.3961340625070749
-0.39736705488862945
-0.38151953354829976
-0.38151953354829976
-0.38151953354829976
-0.3565010749814598
-0.36563666075511064
-0.41978158998391524
-0.3839988019546683
-0.37583366012776287
-0.38151953354829976
-0.3839988019546683
-0.39736705488862945
-0.39972409621576727
-0.389987484056136
-0.37583366012776287
-0.3839988019546683
-0.3909442622884069
-0.3839988019546683
-0.38151953354829976
-0.39736705488862945
-0.36563666075511064
-0.471399534579597
-0.36563666075511064
-0.389987484056136
-0.39736705488862945
-0.38217867196771504
-0.3839988019546683
-0.3839988019546683
-0.3660377649166669
-0.4389368735761663
-0.3839988019546683
-0.38151953354829976
-0.39736705488862945
-0.39972409621576727
-0.39736705488862945
-0.3773811840042389
-0.389987484056136
-0.46857152088307047
-0.3635288311716505
-0.37572482068535507
-0.383348681741801
-0.5231046685384902
-0.38151953354829976
-0.39736705488862945
-0.3839988019546683
-0.38151953354829976
-0.37572482068535507
-0.46097354125247225
-0.46857152088307047
-0.38151953354829976
-0.39410865769021725
-0.3839988019546683
-0.389987484056136
-0.389987484056136
-0.39972409621576727
-0.3839988019546683
-0.38151953354829976
-0.38151953354829976
-0.3565010749814598
-0.39736705488862945
-0.3635288311716505
-0.38151953354829976
-0.46857152088307047
-0.37583366012776287
-0.3671104125206193
-0.38151953354829976
-0.4880979641577255
-0.38151953354829976
-0.46857152088307047
-0.3685420130029627
-0.3839988019546683
-0.3839988019546683
-0.38279206154800005
-0.3565010749814598
-0.3635288311716505
-0.4017350863102927
-0.3839988019546683
-0.39736705488862945
-0.3751218806954319
-0.40432917853816575
-0.39736705488862945
-0.3565010749814598
-0.38151953354829976
-0.46857152088307047
-0.364730262536306
-0.3671104125206193
-0.3660377649166669
-0.39736705488862945
-0.4022043091677956
-0.38151953354829976
-0.3671104125206193
-0.3954777692680444
-0.3839988019546683
-0.39736705488862945
-0.46857152088307047
-0.38151953354829976
-0.39736705488862945
-0.370586780130956
-0.36563666075511064
-0.38151953354829976
-0.38151953354829976
-0.3565010749814598
-0.38151953354829976
-0.3839988019546683
-0.39972409621576727
-0.4172149829587664
-0.38398989261648997
-0.37572482068535507
-0.37572482068535507
-0.37572482068535507
-0.36563666075511064
-0.3715205128743032
-0.370586780130956
-0.36563666075511064
-0.3635288311716505
-0.3565010749814598
-0.389987484056136
-0.46857152088307047
-0.4880979641577255
-0.389987484056136
-0.442558922568948
-0.3994889612344779
-0.39736705488862945
-0.3816047999607986
-0.5606346288665056
-0.4551649660919356
-0.3565010749814598
-0.38151953354829976
-0.3839988019546683
-0.36563666075511064
-0.3954777692680444
-0.39972409621576727
-0.3954777692680444
-0.39736705488862945
-0.38217867196771504
-0.3839988019546683
-0.39736705488862945
-0.364730262536306
-0.39736705488862945
-0.4176985855762757
-0.38151953354829976
-0.38151953354829976
-0.3839988019546683
-0.39238142847924723
-0.5988235090515941
-0.46804993648903737
-0.5414711914991545
-0.442558922568948
-0.44739736087446397
-0.4635474936893281
-0.5803668331454392
-0.655596928594321
-0.45172586617101673
-0.4747764170379534
-0.4701977045916914
-0.4896413528038205
-0.6220099493217469
-0.5094857449234355
-0.442558922568948
-0.4667538135229209
-0.5028925092052048
-0.4500731126123678
-0.45113431852300734
-0.4630381085812842
-0.4701977045916914
-0.45172586617101673
-0.5607284596718183
-0.46995128885741866
-0.5408298103897836
-0.46114384784437235
-0.4667538135229209
-0.45172586617101673
-0.4634082820322297
-0.4701977045916914
-0.6089221036820229
-0.45113431852300734
-0.5536115314005706
-0.45172586617101673
-0.45172586617101673
-0.43294612191694837
-0.42408063022432696
-0.4261429470973793
-0.4261429470973793
-0.4261429470973793
-0.4261429470973793
-0.42408063022432696
-0.4261429470973793
-0.42408063022432696
-0.43294612191694837
-0.36571348326125
-0.42408063022432696
-0.4847441292946696
-0.3816047999607986
-0.4261429470973793
-0.4261429470973793
-0.42408063022432696
-0.4261429470973793
-0.42408063022432696
-0.3660377649166669
-0.4261429470973793
-0.42408063022432696
-0.4261429470973793
-0.4106817470690177
-0.49876649331627027
-0.4261429470973793
-0.4261429470973793
-0.4106817470690177
-0.4261429470973793
-0.3816047999607986
-0.4261429470973793
-0.4261429470973793
-0.43294612191694837
-0.49876649331627027
-0.4261429470973793
-0.4236708954816377
-0.4261429470973793
-0.4261429470973793
-0.4261429470973793
-0.4550935549369125
-0.48433738375749125
-0.4261429470973793
-0.42408063022432696
-0.48433738375749125
-0.42408063022432696
-0.4261429470973793
-0.42408063022432696
-0.42408063022432696
-0.4261429470973793
-0.4261429470973793
-0.42408063022432696
-0.397813405008121
-0.4261429470973793
-0.4261429470973793
-0.42408063022432696
-0.4236708954816377
-0.48777024312284345
-0.5988235090515941
-0.3660377649166669
-0.4176985855762757
-0.4747102002716997
-0.49876649331627027
-0.42408063022432696
-0.4261429470973793
-0.42408063022432696
-0.3969313066546232
-0.4261429470973793
-0.42408063022432696
-0.43294612191694837
-0.4261429470973793
-0.4878080409569498
-0.49876649331627027
-0.4106817470690177
-0.47808853827530784
-0.4261429470973793
-0.39238142847924723
-0.43294612191694837
-0.3773811840042389
-0.4489040032758456
-0.3954777692680444
-0.3954777692680444
-0.5008884329873075
-0.4261429470973793
-0.4082264309664575
-0.4741778885559984
-0.3969313066546232
-0.42408063022432696
-0.4417932065164372
-0.46804993648903737
-0.49143372299056043
-0.4106817470690177
-0.517458795151192
-0.49876649331627027
-0.42408063022432696
-0.4550935549369125
-0.42408063022432696
-0.4261429470973793
-0.4261429470973793
-0.4261429470973793
-0.4261429470973793
-0.43294612191694837
-0.4261429470973793
-0.4261429470973793
-0.42408063022432696
-0.4261429470973793
-0.4261429470973793
-0.4261429470973793
-0.4261429470973793
-0.4261429470973793
-0.42408063022432696
-0.42408063022432696
-0.42408063022432696
-0.517458795151192
-0.4550935549369125
-0.4261429470973793
-0.42408063022432696
-0.36571348326125
-0.49418461391178875
-0.3565010749814598
-0.36571348326125
-0.38398989261648997
-0.4389368735761663
-0.37572482068535507
-0.3816047999607986
-0.364730262536306
-0.40045956023276347
-0.389987484056136
-0.39736705488862945
-0.3969313066546232
-0.38151953354829976
-0.36571348326125
-0.39239801381080414
-0.3635288311716505
-0.3635288311716505
-0.389987484056136
-0.370586780130956
-0.3565010749814598
-0.38151953354829976
-0.38151953354829976
-0.38786347098269425
-0.38151953354829976
-0.38279206154800005
-0.370586780130956
-0.3565010749814598
-0.3660377649166669
-0.37583366012776287
-0.4252692364814549
-0.370586780130956
-0.5238897375206896
-0.5576714701902127
-0.3945812618891856
-0.4153153853165856
-0.3565010749814598
-0.397813405008121
-0.370586780130956
-0.389987484056136
-0.364730262536306
-0.39736705488862945
-0.38151953354829976
-0.46857152088307047
-0.39736705488862945
-0.3816047999607986
-0.38151953354829976
-0.41978158998391524
-0.3685420130029627
-0.364730262536306
-0.39736705488862945
-0.4012035145332651
-0.39736705488862945
-0.4389368735761663
-0.4909358219890989
-0.370586780130956
-0.370586780130956
-0.39736705488862945
-0.46622068597866173
-0.39736705488862945
-0.3660377649166669
-0.389987484056136
-0.389987484056136
-0.389987484056136
-0.389987484056136
-0.39736705488862945
-0.39972409621576727
-0.38279206154800005
-0.3660377649166669
-0.3565010749814598
-0.3565010749814598
-0.3969313066546232
-0.4059338401158949
-0.3715205128743032
-0.39736705488862945
-0.3565010749814598
-0.38151953354829976
-0.3565010749814598
-0.3660377649166669
-0.3685420130029627
-0.46857152088307047
-0.3565010749814598
-0.46857152088307047
-0.38786347098269425
-0.3839988019546683
-0.38151953354829976
-0.46857152088307047
-0.370586780130956
-0.39736705488862945
-0.364730262536306
-0.5683472800858631
-0.37572482068535507
-0.4803355616130531
-0.38151953354829976
-0.364730262536306
-0.3773811840042389
-0.3635288311716505
-0.4762105568468198
-0.38151953354829976
-0.36571348326125
-0.4880979641577255
-0.36571348326125
-0.364730262536306
-0.364730262536306
-0.38151953354829976
-0.3565010749814598
-0.38151953354829976
-0.41978158998391524
-0.3635288311716505
-0.3565010749814598
-0.38786347098269425
-0.3565010749814598
-0.5322329541017425
-0.5753729674240535
-0.3839988019546683
-0.4258840045699083
-0.3671104125206193
-0.364730262536306
-0.46857152088307047
-0.5466171175641408
-0.3685420130029627
-0.364730262536306
-0.389987484056136
-0.38151953354829976
-0.3565010749814598
-0.3839988019546683
-0.38151953354829976
-0.3839988019546683
-0.39238142847924723
-0.39736705488862945
-0.3660377649166669
-0.39736705488862945
-0.38151953354829976
-0.46857152088307047
-0.39736705488862945
-0.3816047999607986
-0.39736705488862945
-0.453441483941982
-0.5018851156371011
-0.39972409621576727
-0.38151953354829976
-0.3565010749814598
-0.39972409621576727
-0.3839988019546683
-0.3671104125206193
-0.36563666075511064
-0.3715205128743032
-0.40045956023276347
-0.45841243568048823
-0.3954777692680444
-0.3715205128743032
-0.36571348326125
-0.3565010749814598
-0.38151953354829976
-0.39736705488862945
-0.39583955944406224
-0.38151953354829976
-0.3839988019546683
-0.39972409621576727
-0.39410865769021725
-0.38151953354829976
-0.39239801381080414
-0.49324656174399406
-0.389987484056136
-0.397813405008121
-0.3671104125206193
-0.397813405008121
-0.39972409621576727
-0.364730262536306
-0.3660377649166669
-0.3635288311716505
-0.39736705488862945
-0.389987484056136
-0.3839988019546683
-0.3685420130029627
-0.3565010749814598
-0.39736705488862945
-0.39972409621576727
-0.397813405008121
-0.39736705488862945
-0.41978158998391524
-0.38786347098269425
-0.36563666075511064
-0.370586780130956
-0.3565010749814598
-0.3660377649166669
-0.3773811840042389
-0.36563666075511064
-0.39972409621576727
-0.39972409621576727
-0.3660377649166669
-0.370586780130956
-0.3565010749814598
-0.383348681741801
-0.3565010749814598
-0.38151953354829976
-0.39736705488862945
-0.39736705488862945
-0.3773811840042389
-0.37583366012776287
-0.3565010749814598
-0.3816047999607986
-0.38151953354829976
-0.3685420130029627
-0.38151953354829976
-0.389987484056136
-0.48979754035034606
-0.3839988019546683
-0.43557280191301206
-0.397813405008121
-0.37583366012776287
-0.5231046685384902
-0.39736705488862945
-0.38151953354829976
-0.3993699426986605
-0.38786347098269425
-0.3839988019546683
-0.3565010749814598
-0.3565010749814598
-0.36563666075511064
-0.3839988019546683
-0.44084796572647067
-0.4012035145332651
-0.3751218806954319
-0.5023521711727081
-0.49418461391178875
-0.37583366012776287
-0.3816047999607986
-0.364730262536306
-0.45083682337260056
-0.41978158998391524
-0.389987484056136
-0.389987484056136
-0.3635288311716505
-0.5540393748056389
-0.3839988019546683
-0.36571348326125
-0.39736705488862945
-0.39736705488862945
-0.39583955944406224
-0.3839988019546683
-0.370586780130956
-0.3671104125206193
-0.3635288311716505
-0.389987484056136
-0.3839988019546683
-0.4880979641577255
-0.39972409621576727
-0.39972409621576727
-0.38398989261648997
-0.3839988019546683
-0.36571348326125
-0.38151953354829976
-0.38151953354829976
-0.389987484056136
-0.3565010749814598
-0.36571348326125
-0.36563666075511064
-0.38151953354829976
-0.3839988019546683
-0.389987484056136
-0.39736705488862945
-0.370586780130956
-0.3635288311716505
-0.389987484056136
-0.3635288311716505
-0.3994889612344779
-0.389987484056136
-0.3565010749814598
-0.46804993648903737
-0.3565010749814598
-0.3565010749814598
-0.36563666075511064
-0.3685420130029627
-0.39972409621576727
-0.4869857047608866
-0.46857152088307047
-0.3969313066546232
-0.3660377649166669
-0.39736705488862945
-0.3565010749814598
-0.3635288311716505
-0.3565010749814598
-0.39972409621576727
-0.41978158998391524
-0.41978158998391524
-0.4803355616130531
-0.3635288311716505
-0.5540393748056389
-0.37583366012776287
-0.4198167424852791
-0.46857152088307047
-0.3565010749814598
-0.39972409621576727
-0.397813405008121
-0.4022043091677956
-0.3993699426986605
-0.38151953354829976
-0.3671104125206193
-0.38151953354829976
-0.39972409621576727
-0.38398989261648997
-0.370586780130956
-0.41978158998391524
-0.46857152088307047
-0.36563666075511064
-0.4880979641577255
-0.370586780130956
-0.38151953354829976
-0.39736705488862945
-0.3816047999607986
-0.46857152088307047
-0.3685420130029627
-0.36563666075511064
-0.4130030142929353
-0.39238142847924723
-0.36563666075511064
-0.3671104125206193
-0.3565010749814598
-0.39736705488862945
-0.36571348326125
-0.3565010749814598
-0.38151953354829976
-0.4258840045699083
-0.3839988019546683
-0.38151953354829976
-0.370586780130956
-0.3993699426986605
-0.36563666075511064
-0.5355800498940222
-0.41978158998391524
-0.370586780130956
-0.4899132586390761
-0.389987484056136
-0.46857152088307047
-0.36563666075511064
-0.5357191647137083
-0.3839988019546683
-0.36571348326125
-0.4880979641577255
-0.38151953354829976
-0.3994889612344779
-0.3565010749814598
-0.3773811840042389
-0.47610891734617844
-0.39736705488862945
-0.5024614033998109
-0.3660377649166669
-0.389987484056136
-0.36563666075511064
-0.364730262536306
-0.39972409621576727
-0.3565010749814598
-0.3773811840042389
-0.37572482068535507
-0.45433470053946073
-0.38151953354829976
-0.3635288311716505
-0.36563666075511064
-0.3715205128743032
-0.4115761950545122
-0.397813405008121
-0.36563666075511064
-0.46857152088307047
-0.38151953354829976
-0.3565010749814598
-0.5552426434429664
-0.389987484056136
-0.39583955944406224
-0.36563666075511064
-0.38398989261648997
-0.364730262536306
-0.397813405008121
-0.43557280191301206
-0.36571348326125
-0.3685420130029627
-0.3954777692680444
-0.39239801381080414
-0.37583366012776287
-0.3715205128743032
-0.6246537987745759
-0.46191569910965985
-0.37572482068535507
-0.39972409621576727
-0.364730262536306
-0.4803355616130531
-0.3565010749814598
-0.3565010749814598
-0.4017350863102927
-0.3816047999607986
-0.3751218806954319
-0.38786347098269425
-0.41978158998391524
-0.370586780130956
-0.3839988019546683
-0.36563666075511064
-0.36563666075511064
-0.39972409621576727
-0.3954777692680444
-0.3565010749814598
-0.3565010749814598
-0.39736705488862945
-0.46857152088307047
-0.4022043091677956
-0.36571348326125
-0.36571348326125
-0.3839988019546683
-0.36563666075511064
-0.39736705488862945
-0.39736705488862945
-0.3565010749814598
-0.3773811840042389
-0.3565010749814598
-0.39736705488862945
-0.7859479358168779
-0.3839988019546683
-0.39972409621576727
-0.5095181432922393
-0.3660377649166669
-0.3635288311716505
-0.3839988019546683
-0.46857152088307047
-0.3839988019546683
-0.3715205128743032
-0.38151953354829976
-0.364730262536306
-0.38151953354829976
-0.364730262536306
-0.38151953354829976
-0.39736705488862945
-0.4176985855762757
-0.5540393748056389
-0.3715205128743032
-0.3839988019546683
-0.3635288311716505
-0.38786347098269425
-0.3660377649166669
-0.39736705488862945
-0.370586780130956
-0.389987484056136
-0.36571348326125
-0.38151953354829976
-0.36563666075511064
-0.3565010749814598
-0.36571348326125
-0.4880979641577255
-0.39736705488862945
-0.364730262536306
-0.4082264309664575
-0.36571348326125
-0.39239801381080414
-0.389987484056136
-0.38151953354829976
-0.38398989261648997
-0.38398989261648997
-0.36571348326125
-0.37572482068535507
-0.39972409621576727
-0.39736705488862945
-0.38151953354829976
-0.46857152088307047
-0.3816047999607986
-0.3671104125206193
-0.39736705488862945
-0.38151953354829976
-0.3839988019546683
-0.3660377649166669
-0.39736705488862945
-0.38151953354829976
-0.4909358219890989
-0.3565010749814598
-0.3565010749814598
-0.3671104125206193
-0.3565010749814598
-0.447844069662262
-0.3815907688266741
-0.3565010749814598
-0.38398989261648997
-0.3839988019546683
-0.38151953354829976
-0.36563666075511064
-0.36571348326125
-0.38151953354829976
-0.38151953354829976
-0.46857152088307047
-0.38398989261648997
-0.3565010749814598
-0.36563666075511064
-0.36563666075511064
-0.39972409621576727
-0.46857152088307047
-0.38151953354829976
-0.3994889612344779
-0.3565010749814598
-0.36571348326125
-0.36571348326125
-0.39972409621576727
-0.4880979641577255
-0.39972409621576727
-0.39972409621576727
-0.3565010749814598
-0.3945812618891856
-0.37572482068535507
-0.36563666075511064
-0.3815907688266741
-0.3954777692680444
-0.4196203629019429
-0.44021128145756294
-0.503265818841611
-0.4667538135229209
-0.5411824958790816
-0.44739736087446397
-0.4667538135229209
-0.44739736087446397
-0.4777809831838923
-0.4634082820322297
-0.525949233227052
-0.45172586617101673
-0.442558922568948
-0.5750208538550722
-0.5094857449234355
-0.5581416858442773
-0.4658036942964113
-0.5408298103897836
-0.4635474936893281
-0.4667538135229209
-0.45113431852300734
-0.4531275427071094
-0.4531275427071094
-0.46995128885741866
-0.4890568086488322
-0.48724395059457803
-0.45172586617101673
-0.5408298103897836
-0.50290103505171
-0.5536115314005706
-0.46114384784437235
-0.44739736087446397
-0.484781547637551
-0.5434309394161058
-0.5480623273256091
-0.5213869015098856
-0.5750208538550722
-0.4762105568468198
-0.4261429470973793
-0.42408063022432696
-0.48433738375749125
-0.42408063022432696
-0.4261429470973793
-0.4261429470973793
-0.4417932065164372
-0.42408063022432696
-0.42408063022432696
-0.4261429470973793
-0.4261429470973793
-0.42408063022432696
-0.42408063022432696
-0.48433738375749125
-0.4762105568468198
-0.4762105568468198
-0.5478650916017701
-0.43294612191694837
-0.4106817470690177
-0.42408063022432696
-0.4261429470973793
-0.42408063022432696
-0.3994889612344779
-0.49876649331627027
-0.4261429470973793
-0.4106817470690177
-0.4106817470690177
-0.42408063022432696
-0.3816047999607986
-0.48433738375749125
-0.4550935549369125
-0.5075714983392489
-0.4261429470973793
-0.4261429470973793
-0.5115264402479833
-0.42408063022432696
-0.36571348326125
-0.4106817470690177
-0.46630673831669517
-0.383348681741801
-0.4261429470973793
-0.4362346473367085
-0.4106817470690177
-0.38279206154800005
-0.43348096574591816
-0.37572482068535507
-0.43294612191694837
-0.4261429470973793
-0.4261429470973793
-0.4261429470973793
-0.4261429470973793
-0.42408063022432696
-0.42408063022432696
-0.3816047999607986
-0.4261429470973793
-0.4261429470973793
-0.44283133107862704
-0.3816047999607986
-0.4261429470973793
-0.42408063022432696
-0.4261429470973793
-0.3660377649166669
-0.4059338401158949
-0.42408063022432696
-0.4550935549369125
-0.4261429470973793
-0.48433738375749125
-0.42408063022432696
-0.43294612191694837
-0.42408063022432696
-0.49876649331627027
-0.4106817470690177
-0.4261429470973793
-0.42408063022432696
-0.42408063022432696
-0.40432917853816575
-0.3565010749814598
-0.4261429470973793
-0.42795590106548176
-0.3954777692680444
-0.4489040032758456
-0.44283133107862704
-0.370586780130956
-0.38398989261648997
-0.370586780130956
-0.43294612191694837
-0.36571348326125
-0.36571348326125
-0.39238142847924723
-0.3969313066546232
-0.49031422011939196
-0.3994889612344779
-0.3969313066546232
-0.3969313066546232
-0.43294612191694837
-0.42778682577906146
-0.45841243568048823
-0.46804993648903737
-0.4106817470690177
-0.4085330673280382
-0.4085330673280382
-0.3969313066546232
-0.42408063022432696
-0.5977560825012223
-0.4261429470973793
-0.4261429470973793
-0.42408063022432696
-0.517458795151192
-0.4261429470973793
-0.42408063022432696
-0.43294612191694837
-0.4106817470690177
-0.5018939777192024
-0.4261429470973793
-0.4261429470973793
-0.42408063022432696
-0.4550935549369125
-0.4261429470973793
-0.5478650916017701
-0.4106817470690177
-0.4261429470973793
-0.4550935549369125
-0.517458795151192
-0.42408063022432696
-0.4261429470973793
-0.4261429470973793
-0.42408063022432696
