-0.41331569143609465
-0.3656304791165808
-0.4544887364459812
-0.3656304791165808
-0.3769175773166921
-0.4416808929771401
-0.4038617893338534
-0.478653307572845
-0.36592423673626534
-0.36433401794384757
-0.4784347086162616
-0.3769175773166921
-0.4416808929771401
-0.4416808929771401
-0.38916342531122416
-0.36592423673626534
-0.36592423673626534
-0.3769175773166921
-0.36592423673626534
-0.4784347086162616
-0.3769175773166921
-0.3769175773166921
-0.3769175773166921
-0.3769175773166921
-0.3656304791165808
-0.4784347086162616
-0.3769175773166921
-0.4416808929771401
-0.4784347086162616
-0.4416808929771401
-0.4416808929771401
-0.4784347086162616
-0.36592423673626534
-0.3769175773166921
-0.3769175773166921
-0.4416808929771401
-0.36592423673626534
-0.36592423673626534
-0.36592423673626534
-0.37585274432850324
-0.3769175773166921
-0.36592423673626534
-0.3656304791165808
-0.4784347086162616
-0.3769175773166921
-0.36592423673626534
-0.37585274432850324
-0.3769175773166921
-0.3656304791165808
-0.40598533900113243
-0.4784347086162616
-0.3769175773166921
-0.3769175773166921
-0.3721248974875047
-0.3656304791165808
-0.41331569143609465
-0.41331569143609465
-0.41331569143609465
-0.4701881126090906
-0.4701881126090906
-0.4038617893338534
-0.3769175773166921
-0.4416808929771401
-0.3656304791165808
-0.37585274432850324
-0.4416808929771401
-0.5132937560468709
-0.4416808929771401
-0.4784347086162616
-0.4795899343182141
-0.3769175773166921
-0.48369110323725334
-0.3656304791165808
-0.3769175773166921
-0.4416808929771401
-0.48369110323725334
-0.3769175773166921
-0.3769175773166921
-0.35843711746858165
-0.37585274432850324
-0.3769175773166921
-0.3769175773166921
-0.3769175773166921
-0.38336127319824886
-0.3769175773166921
-0.36592423673626534
-0.36592423673626534
-0.3656304791165808
-0.4784347086162616
-0.4416808929771401
-0.37585274432850324
-0.3667785039218222
-0.3656304791165808
-0.3656304791165808
-0.4784347086162616
-0.35843711746858165
-0.3656304791165808
-0.36592423673626534
-0.4416808929771401
-0.3769175773166921
-0.36592423673626534
-0.36592423673626534
-0.4795899343182141
-0.3769175773166921
-0.3762899688989144
-0.37585274432850324
-0.4416808929771401
-0.429804574390742
-0.4416808929771401
-0.3656304791165808
-0.3769175773166921
-0.36592423673626534
-0.3762899688989144
-0.4441972833382176
-0.48369110323725334
-0.4416808929771401
-0.4416808929771401
-0.4416808929771401
-0.36592423673626534
-0.4784347086162616
-0.3656304791165808
-0.36592423673626534
-0.37585274432850324
-0.3501158287473057
-0.3769175773166921
-0.36592423673626534
-0.4416808929771401
-0.36592423673626534
-0.4784347086162616
-0.4416808929771401
-0.4416808929771401
-0.3769175773166921
-0.48369110323725334
-0.4416808929771401
-0.36433401794384757
-0.4416808929771401
-0.37585274432850324
-0.3769175773166921
-0.3656304791165808
-0.3656304791165808
-0.3656304791165808
-0.36592423673626534
-0.3769175773166921
-0.4784347086162616
-0.37585274432850324
-0.36433401794384757
-0.3656304791165808
-0.3762899688989144
-0.36592423673626534
-0.4784347086162616
-0.3762899688989144
-0.4416808929771401
-0.36592423673626534
-0.3501158287473057
-0.3656304791165808
-0.37585274432850324
-0.3769175773166921
-0.36592423673626534
-0.37585274432850324
-0.3656304791165808
-0.3769175773166921
-0.3769175773166921
-0.3769175773166921
-0.38336127319824886
-0.3769175773166921
-0.3656304791165808
-0.4784347086162616
-0.37585274432850324
-0.3656304791165808
-0.38336127319824886
-0.4416808929771401
-0.3769175773166921
-0.4416808929771401
-0.3769175773166921
-0.3656304791165808
-0.3656304791165808
-0.3769175773166921
-0.3721248974875047
-0.3656304791165808
-0.35843711746858165
-0.3537754584214448
-0.3769175773166921
-0.3769175773166921
-0.38336127319824886
-0.36592423673626534
-0.3656304791165808
-0.3656304791165808
-0.38336127319824886
-0.36592423673626534
-0.36433401794384757
-0.36592423673626534
-0.36592423673626534
-0.4416808929771401
-0.3769175773166921
-0.36592423673626534
-0.4416808929771401
-0.3656304791165808
-0.36592423673626534
-0.3769175773166921
-0.3656304791165808
-0.37585274432850324
-0.4553842465031401
-0.36592423673626534
-0.3769175773166921
-0.38336127319824886
-0.36592423673626534
-0.4416808929771401
-0.3769175773166921
-0.4416808929771401
-0.4784347086162616
-0.36592423673626534
-0.37585274432850324
-0.3769175773166921
-0.4784347086162616
-0.36592423673626534
-0.38336127319824886
-0.3769175773166921
-0.5051146935682711
-0.45373155374681606
-0.4784347086162616
-0.3656304791165808
-0.3769175773166921
-0.3656304791165808
-0.36592423673626534
-0.3769175773166921
-0.3769175773166921
-0.36592423673626534
-0.3769175773166921
-0.3656304791165808
-0.3769175773166921
-0.36592423673626534
-0.3656304791165808
-0.3656304791165808
-0.37585274432850324
-0.36592423673626534
-0.3656304791165808
-0.3769175773166921
-0.4784347086162616
-0.3769175773166921
-0.3769175773166921
-0.37585274432850324
-0.3656304791165808
-0.3769175773166921
-0.3769175773166921
-0.36592423673626534
-0.3501158287473057
-0.4425875041055003
-0.3769175773166921
-0.4784347086162616
-0.36592423673626534
-0.4416808929771401
-0.36592423673626534
-0.36592423673626534
-0.4784347086162616
-0.40598533900113243
-0.3762899688989144
-0.4416808929771401
-0.3769175773166921
-0.38336127319824886
-0.3656304791165808
-0.3501158287473057
-0.3769175773166921
-0.48369110323725334
-0.37585274432850324
-0.5619134196610613
-0.4416808929771401
-0.36592423673626534
-0.36592423673626534
-0.3656304791165808
-0.4784347086162616
-0.3769175773166921
-0.3769175773166921
-0.4416808929771401
-0.4784347086162616
-0.4416808929771401
-0.38336127319824886
-0.3656304791165808
-0.4784347086162616
-0.3769175773166921
-0.40598533900113243
-0.4784347086162616
-0.36592423673626534
-0.37585274432850324
-0.3769175773166921
-0.3769175773166921
-0.36592423673626534
-0.3769175773166921
-0.3769175773166921
-0.36592423673626534
-0.3769175773166921
-0.4416808929771401
-0.3769175773166921
-0.3769175773166921
-0.36592423673626534
-0.3769175773166921
-0.36592423673626534
-0.4416808929771401
-0.3769175773166921
-0.3769175773166921
-0.3769175773166921
-0.36592423673626534
-0.4416808929771401
-0.3769175773166921
-0.3769175773166921
-0.3656304791165808
-0.3656304791165808
-0.36433401794384757
-0.36592423673626534
-0.4784347086162616
-0.4416808929771401
-0.3656304791165808
-0.3769175773166921
-0.36592423673626534
-0.3769175773166921
-0.3769175773166921
-0.37585274432850324
-0.35843711746858165
-0.4416808929771401
-0.36592423673626534
-0.4784347086162616
-0.4784347086162616
-0.3769175773166921
-0.45188188546183483
-0.3769175773166921
-0.36592423673626534
-0.36592423673626534
-0.3769175773166921
-0.36592423673626534
-0.38336127319824886
-0.3762899688989144
-0.3769175773166921
-0.3769175773166921
-0.3769175773166921
-0.38336127319824886
-0.4416808929771401
-0.37585274432850324
-0.4416808929771401
-0.3656304791165808
-0.48369110323725334
-0.36592423673626534
-0.4416808929771401
-0.3656304791165808
-0.3656304791165808
-0.4416808929771401
-0.41346509811707205
-0.4826960010746031
-0.36592423673626534
-0.3769175773166921
-0.3769175773166921
-0.37585274432850324
-0.3769175773166921
-0.37585274432850324
-0.4416808929771401
-0.3769175773166921
-0.4416808929771401
-0.4784347086162616
-0.4416808929771401
-0.4416808929771401
-0.3769175773166921
-0.3769175773166921
-0.3769175773166921
-0.3769175773166921
-0.3656304791165808
-0.3769175773166921
-0.4784347086162616
-0.3769175773166921
-0.3656304791165808
-0.4416808929771401
-0.3769175773166921
-0.3769175773166921
-0.361546992238081
-0.3656304791165808
-0.3769175773166921
-0.4416808929771401
-0.3769175773166921
-0.36592423673626534
-0.4784347086162616
-0.3769175773166921
-0.36592423673626534
-0.3769175773166921
-0.3769175773166921
-0.4416808929771401
-0.3656304791165808
-0.3762899688989144
-0.35843711746858165
-0.4416808929771401
-0.3769175773166921
-0.4784347086162616
-0.3769175773166921
-0.4416808929771401
-0.4416808929771401
-0.4784347086162616
-0.3769175773166921
-0.4416808929771401
-0.3769175773166921
-0.3667785039218222
-0.37585274432850324
-0.4416808929771401
-0.38336127319824886
-0.35843711746858165
-0.38336127319824886
-0.37585274432850324
-0.36592423673626534
-0.3769175773166921
-0.4416808929771401
-0.36592423673626534
-0.3769175773166921
-0.36592423673626534
-0.3656304791165808
-0.37585274432850324
-0.36592423673626534
-0.3721248974875047
-0.48369110323725334
-0.4416808929771401
-0.4784347086162616
-0.36592423673626534
-0.3769175773166921
-0.38336127319824886
-0.37585274432850324
-0.4230430130299142
-0.4416808929771401
-0.3769175773166921
-0.4416808929771401
-0.3656304791165808
-0.4784347086162616
-0.35843711746858165
-0.3769175773166921
-0.4416808929771401
-0.3769175773166921
-0.37585274432850324
-0.36592423673626534
-0.4784347086162616
-0.36592423673626534
-0.3769175773166921
-0.36592423673626534
-0.4416808929771401
-0.4416808929771401
-0.3656304791165808
-0.4416808929771401
-0.4416808929771401
-0.48369110323725334
-0.40598533900113243
-0.3769175773166921
-0.4784347086162616
-0.48369110323725334
-0.3769175773166921
-0.48369110323725334
-0.3769175773166921
-0.36592423673626534
-0.3769175773166921
-0.3656304791165808
-0.4784347086162616
-0.4416808929771401
-0.3769175773166921
-0.4784347086162616
-0.3769175773166921
-0.3769175773166921
-0.3769175773166921
-0.4784347086162616
-0.3769175773166921
-0.3769175773166921
-0.36592423673626534
-0.3656304791165808
-0.3769175773166921
-0.38336127319824886
-0.3769175773166921
-0.3656304791165808
-0.3769175773166921
-0.3656304791165808
-0.4795899343182141
-0.36592423673626534
-0.37585274432850324
-0.4416808929771401
-0.3769175773166921
-0.3769175773166921
-0.48369110323725334
-0.4784347086162616
-0.3769175773166921
-0.48369110323725334
-0.4416808929771401
-0.4416808929771401
-0.4416808929771401
-0.3656304791165808
-0.4416808929771401
-0.3769175773166921
-0.48369110323725334
-0.3769175773166921
-0.4416808929771401
-0.37585274432850324
-0.4795899343182141
-0.3769175773166921
-0.3769175773166921
-0.3656304791165808
-0.3769175773166921
-0.3769175773166921
-0.3769175773166921
-0.3656304791165808
-0.4416808929771401
-0.37585274432850324
-0.36592423673626534
-0.3769175773166921
-0.3656304791165808
-0.4230430130299142
-0.36592423673626534
-0.3656304791165808
-0.36592423673626534
-0.4416808929771401
-0.48369110323725334
-0.36592423673626534
-0.36592423673626534
-0.3769175773166921
-0.3769175773166921
-0.4416808929771401
-0.3656304791165808
-0.4416808929771401
-0.3769175773166921
-0.38336127319824886
-0.3769175773166921
-0.3656304791165808
-0.3656304791165808
-0.3769175773166921
-0.36592423673626534
-0.4784347086162616
-0.4784347086162616
-0.3769175773166921
-0.3769175773166921
-0.38916342531122416
-0.3769175773166921
-0.36592423673626534
-0.4416808929771401
-0.36592423673626534
-0.3656304791165808
-0.36592423673626534
-0.4416808929771401
-0.3769175773166921
-0.3656304791165808
-0.4416808929771401
-0.38336127319824886
-0.36592423673626534
-0.3769175773166921
-0.3576359967142868
-0.37585274432850324
-0.36433401794384757
-0.36592423673626534
-0.3656304791165808
-0.36592423673626534
-0.3769175773166921
-0.3769175773166921
-0.3656304791165808
-0.3769175773166921
-0.36592423673626534
-0.3769175773166921
-0.4416808929771401
-0.4784347086162616
-0.3769175773166921
-0.4784347086162616
-0.36592423673626534
-0.40598533900113243
-0.4416808929771401
-0.3656304791165808
-0.3656304791165808
-0.4784347086162616
-0.36592423673626534
-0.42269392037620657
-0.45735272739410093
-0.3656304791165808
-0.36592423673626534
-0.3769175773166921
-0.38336127319824886
-0.3769175773166921
-0.36592423673626534
-0.45106062235677613
-0.36592423673626534
-0.3656304791165808
-0.36592423673626534
-0.48369110323725334
-0.38336127319824886
-0.36592423673626534
-0.4784347086162616
-0.36592423673626534
-0.3656304791165808
-0.3769175773166921
-0.4416808929771401
-0.3769175773166921
-0.37585274432850324
-0.36592423673626534
-0.4784347086162616
-0.3769175773166921
-0.4784347086162616
-0.3656304791165808
-0.3769175773166921
-0.37585274432850324
-0.3769175773166921
-0.4784347086162616
-0.35843711746858165
-0.36592423673626534
-0.42269392037620657
-0.36592423673626534
-0.3769175773166921
-0.3769175773166921
-0.4416808929771401
-0.36592423673626534
-0.3769175773166921
-0.4784347086162616
-0.3762899688989144
-0.37585274432850324
-0.36592423673626534
-0.4784347086162616
-0.3537754584214448
-0.3769175773166921
-0.3769175773166921
-0.3769175773166921
-0.36592423673626534
-0.40598533900113243
-0.36592423673626534
-0.36592423673626534
-0.3656304791165808
-0.3656304791165808
-0.3769175773166921
-0.36592423673626534
-0.4784347086162616
-0.3656304791165808
-0.4784347086162616
-0.48369110323725334
-0.36592423673626534
-0.3656304791165808
-0.4416808929771401
-0.36592423673626534
-0.36592423673626534
-0.3656304791165808
-0.4416808929771401
-0.4784347086162616
-0.37585274432850324
-0.3667785039218222
-0.3656304791165808
-0.36592423673626534
-0.36592423673626534
-0.40598533900113243
-0.4416808929771401
-0.4416808929771401
-0.3656304791165808
-0.4416808929771401
-0.3576359967142868
-0.3769175773166921
-0.40086752895051103
-0.3769175773166921
-0.3656304791165808
-0.3656304791165808
-0.3762899688989144
-0.36433401794384757
-0.3769175773166921
-0.3656304791165808
-0.4416808929771401
-0.38336127319824886
-0.4784347086162616
-0.4416808929771401
-0.4795899343182141
-0.4416808929771401
-0.3769175773166921
-0.3656304791165808
-0.36592423673626534
-0.4416808929771401
-0.3769175773166921
-0.37585274432850324
-0.3769175773166921
-0.3656304791165808
-0.4416808929771401
-0.4416808929771401
-0.3937336137096459
-0.3656304791165808
-0.37938331986087337
-0.37585274432850324
-0.4416808929771401
-0.4784347086162616
-0.3656304791165808
-0.36592423673626534
-0.3769175773166921
-0.4784347086162616
-0.3769175773166921
-0.3656304791165808
-0.4416808929771401
-0.3769175773166921
-0.36592423673626534
-0.3769175773166921
-0.3656304791165808
-0.3769175773166921
-0.3769175773166921
-0.3769175773166921
-0.4784347086162616
-0.4416808929771401
-0.4416808929771401
-0.40598533900113243
-0.4416808929771401
-0.4416808929771401
-0.3656304791165808
-0.37585274432850324
-0.3656304791165808
-0.3762899688989144
-0.36592423673626534
-0.4416808929771401
-0.3769175773166921
-0.4784347086162616
-0.3769175773166921
-0.3769175773166921
-0.3769175773166921
-0.4416808929771401
-0.4784347086162616
-0.3656304791165808
-0.3769175773166921
-0.3769175773166921
-0.3769175773166921
-0.3769175773166921
-0.5028801351159351
-0.4784347086162616
-0.3656304791165808
-0.3769175773166921
-0.3769175773166921
-0.3656304791165808
-0.3769175773166921
-0.36592423673626534
-0.48369110323725334
-0.37585274432850324
-0.4416808929771401
-0.3769175773166921
-0.38336127319824886
-0.37585274432850324
-0.3769175773166921
-0.3656304791165808
-0.4416808929771401
-0.3769175773166921
-0.3769175773166921
-0.36433401794384757
-0.36592423673626534
-0.36433401794384757
-0.3769175773166921
-0.3762899688989144
-0.3769175773166921
-0.4416808929771401
-0.48369110323725334
-0.3656304791165808
-0.3769175773166921
-0.3656304791165808
-0.3656304791165808
-0.4416808929771401
-0.4416808929771401
-0.3721248974875047
-0.36592423673626534
-0.3769175773166921
-0.4784347086162616
-0.4416808929771401
-0.4416808929771401
-0.3769175773166921
-0.5478487848146452
-0.4425875041055003
-0.4425875041055003
-0.5478487848146452
-0.5525016610265672
-0.5370440919778287
-0.5471627958229753
-0.46804925439995515
-0.4310114622913503
-0.5370440919778287
-0.5471627958229753
-0.4425875041055003
-0.4310114622913503
-0.4425875041055003
-0.4423150427742991
-0.46765263150426006
-0.5370440919778287
-0.6036074276827247
-0.43587531511500405
-0.4425875041055003
-0.5525016610265672
-0.5016316616618199
-0.4310114622913503
-0.42034075030669754
-0.42034075030669754
-0.5370440919778287
-0.4935233487745653
-0.42034075030669754
-0.4425875041055003
-0.4425875041055003
-0.42034075030669754
-0.4728999384654582
-0.4728999384654582
-0.5309015022408877
-0.4310114622913503
-0.4425875041055003
-0.5370440919778287
-0.4310114622913503
-0.4310114622913503
-0.43587531511500405
-0.4544887364459812
-0.4263023734746497
-0.4701881126090906
-0.41331569143609465
-0.4701881126090906
-0.41331569143609465
-0.41331569143609465
-0.4701881126090906
-0.41331569143609465
-0.41331569143609465
-0.41331569143609465
-0.41331569143609465
-0.4701881126090906
-0.4729401328587069
-0.41331569143609465
-0.4544887364459812
-0.4544887364459812
-0.4544887364459812
-0.4701881126090906
-0.4544887364459812
-0.3721248974875047
-0.41331569143609465
-0.41331569143609465
-0.41331569143609465
-0.4544887364459812
-0.4701881126090906
-0.3992579122428275
-0.41331569143609465
-0.41331569143609465
-0.3992579122428275
-0.4544887364459812
-0.41331569143609465
-0.4544887364459812
-0.4259330961057124
-0.4038617893338534
-0.41331569143609465
-0.41331569143609465
-0.41331569143609465
-0.4038617893338534
-0.4038617893338534
-0.4544887364459812
-0.4689611978338931
-0.3992579122428275
-0.3992579122428275
-0.4689611978338931
-0.4701881126090906
-0.4701881126090906
-0.41331569143609465
-0.4701881126090906
-0.4701881126090906
-0.4701881126090906
-0.4701881126090906
-0.4701881126090906
-0.35843711746858165
-0.45106062235677613
-0.5619134196610613
-0.35843711746858165
-0.5246657913876561
-0.4038617893338534
-0.4701881126090906
-0.4701881126090906
-0.4701881126090906
-0.41331569143609465
-0.41331569143609465
-0.4701881126090906
-0.41331569143609465
-0.41331569143609465
-0.41331569143609465
-0.4701881126090906
-0.4701881126090906
-0.4701881126090906
-0.4544887364459812
-0.41331569143609465
-0.3937336137096459
-0.4701881126090906
-0.38916342531122416
-0.41331569143609465
-0.3992579122428275
-0.41331569143609465
-0.4729401328587069
-0.41331569143609465
-0.41331569143609465
-0.41331569143609465
-0.41331569143609465
-0.41331569143609465
-0.41331569143609465
-0.41331569143609465
-0.41331569143609465
-0.41331569143609465
-0.41331569143609465
-0.41331569143609465
-0.4729401328587069
-0.4038617893338534
-0.4701881126090906
-0.4701881126090906
-0.41331569143609465
-0.41331569143609465
-0.41331569143609465
-0.41331569143609465
-0.4729401328587069
-0.4701881126090906
-0.4701881126090906
-0.4689611978338931
